        0.0000916433036159        0.0003877748361183
       25.3357800166010070       -0.0009711155461790
       64.5848988866098210       52.9483418560604380
       43.0488875273033220       50.8356358141973250
       62.4529641755512800       82.8036759370109220
      -76.6109700387798110       42.0052632194027210
      -66.4973401157850080      102.2508323245619600
      -74.0012660137475250       82.9503458654480280
      -80.6586091852611700       -2.2639849039483670
      -86.7287126335926640      -17.7174173152073350
     -122.1754120234401200      -25.6106338283474210
      -51.4500898770724430      -29.2150962253230940
      -94.6734623016445620      -57.5403438997254710
      -92.0206526276375460     -151.6729394122028800
      -41.5459285262079520      -16.7888138377918570
      -62.7370935872181620       17.4835640176015660
      -26.7046170263502060       -8.7206380453335495
      -17.6372961426669830        9.3679111185192045
      -13.3681267306115790        8.9954022818177055
       -3.3659517361011937        5.5265395298927951
      -36.9059700682989200     -106.3163126418078300
      -63.1056242324954510     -124.6312005157853400
      -12.1438664266085150     -142.7880498878086500
       57.1996182563012000     -155.1546605016040700
       40.9431111451608980     -176.8652977133034800
       94.2238302670575080     -145.5264275760926600
       62.7439483820406990     -115.4612743986361800
       17.7707512833396350     -120.1134051682537800
       31.0879088695696700     -126.1931127576876700
       17.0883622326654000      -46.0247369906450100
       73.0061084042120000      -80.4148016346197640
      127.0319173451794500      -81.9632107545189830
       84.4666527796831160      -59.4495540111479310
       50.8661443030995810      -53.2018502977406700
      116.8542390990682700        1.2050265128815831
       77.3026497592024100        5.2977672266846776
      -57.5605188543953690     -152.0557445294940400
     -113.8473817943011300       11.4251729107040770
       56.5969242575543920       31.2018791154283650
