       -0.0000507287980554        0.0003094714779749
       23.7374440640248600       -0.0000702361458005
       20.8549522533778280      -34.9970114282949960
       76.1745179626054070      -37.6448599411628990
       50.5752361338610540      -66.9575564682932340
       29.9457506744789440      -59.2463398685156330
       49.5369899975084070      -94.2475788510549820
      -59.1735170496653210      -27.5917522706991500
      -63.8412959344809470      -86.3495049938204740
      -63.9801154952615080      -68.5462448955552050
      -60.4671743738115100       10.9288739940708450
      -68.7822223214167960       28.7108615058561830
     -100.2193323731573900       20.1401564097390210
      -97.1209599826750600       42.7681001238167940
      -37.6480519182419400       34.5094569935309960
      -60.0362949611148200       81.0045238781967640
     -140.9871465691611500       49.3965471056300200
      -70.6705980980664780       77.4279433370179930
      -41.5747087156527970      177.8719340876603200
      -30.9272974297987910       22.9198108963814420
      -26.1986402682480170       63.2590760050749450
      -12.7005708068591400       20.1344001913663280
        0.6243775702849204      114.8960779121624400
      -18.8790314988647410      141.7874498668960800
       36.0392525390934040      140.1935963491939400
      106.5498155390182000      131.5550639270394100
       94.7601903364528510      155.5408371591371400
      137.0282512040230900      116.6745849674833300
       99.8923084270211060       92.9722827501097700
       57.4748385719548200      106.4243823047576300
       73.2864539455543280      104.2414704194799800
       40.3815020190035840       43.1756701475896350
      104.3562072124936600       56.7145208034853710
      157.7035513860383800       49.8136721898893600
      111.4846809985334100       40.9389123847656790
       75.5933002875478480       36.9608060453509570
      115.6026647455074700       16.1529055276015010
      129.0725807628143100      -31.5858497750121750
       78.5662168783464380       -9.3522802235542581
       80.4664182145013880      -24.4674534192482010
       94.7266868177847810      -81.9858560312455610
       40.2509849246342030      -47.4839058604954330
       -5.5317385969096442      166.0198067986141000
      -96.8766077977775100        3.6340009753015727
       59.5077119518988550      -41.1917699240637210
