        0.0003548371909162       -0.0003665302458091
      591.7820294184566600        0.0006349426282924
      349.1043222395802600      120.5097513465703000
      425.9029877897552300      278.1453588030337300
      307.6501297543508100     -567.3899557022496100
       45.7921115728104770     -262.1772786360821200
       85.4322383489717940      -34.0348653266959080
      145.6265969404238400     -388.1116005904793300
      -27.0441895562041170     -383.7040810192483500
      455.8120912464430000     -407.0389271730499000
       12.3660975625201230     -140.0807822929120600
      467.9384679672688200     -483.9712364519081700
       23.5361888661300680      -64.5713204453063270
     -183.4876270214991200     -332.5239752291107600
      349.4138575233582700     -310.6221953369023400
       11.4401500985880560     -103.5680472691324800
     -116.9969927550913700     -617.9240525812499500
      258.1763062072277000      -47.0757672758770770
      374.3194791359662800      234.1190113224443800
      695.4027789841243200       60.8791250621978220
       -8.3599922341948769     -480.6045172800447700
       90.7760894144266080     -359.1652138520683500
      307.4009370863145700       35.6281302957990680
      536.7038866810860300     -281.8182934092770900
      345.9364314792343300       75.2112660221926320
      190.3374879807754200     -231.2748613572346100
      -68.3049917561511960     -562.0264349120624300
      143.8666506402056500        1.4440267020669264
       68.8750082777274460      -60.5415140015303590
      556.8911265064607500      167.6829946547605300
      398.0491520065346500     -419.7240999730968800
      -25.3206197311073320     -537.9682048021736600
      258.1925800791075300     -443.9389641622469200
      292.4592679696911500       36.3602770429447800
      639.1048570027318200      -32.4854344554505300
       -7.7103177031815902     -208.1194136631884500
      488.8388647931382700     -129.6723266587863200
      634.3818241898766200      142.5209320348662900
      746.0010341944702100     -148.4855541149134700
      606.7115886776432500     -138.2714336417220100
      215.5859092743961300      154.4236883750002400
      795.7478221155987500      -21.5010729539812610
      435.3333189112893300       59.8602841916983830
      143.4003634830212900      152.2936283748508100
      523.9501207383915500       43.6459674733316450
      234.4057865061706400      -20.6986245570315290
      371.0327669556905900      -99.5895343146561060
       26.9768037681634250     -101.6349344297039000
