       -0.0000929003683379        0.0006398302608112
      -24.3311788534880620       -0.0011161953650743
      -33.4569673549573710      -23.6163939499340500
      -56.3060638071990880       -0.5796902180011904
      -49.0225628214278470      -38.6463899350861840
      -35.9664482790128870      -38.1452546188438220
      112.4883558656867800       -0.0474837589835947
       98.5655891564816930       66.1873100996252220
       95.9876770337403830      106.2293084578808600
      102.4326543448656700       27.2601117683092370
      150.4008422752196200       35.6478274994414620
      135.2464144475134700       40.3667970317210130
       86.6221662457792260      -25.1696912812050040
       74.7944074102735500        1.5087146825841113
       68.5139031112929190      -10.6292053313188950
       84.2497630341325420      -48.1451016916368960
       67.9321090342632910      -58.8319496176496270
       35.5598812700046660       -3.7541128882210035
       21.0418706992223750      -45.3658135418919240
       43.2144198038429510      -61.4569900580346630
       67.2838894543009760     -109.1171142653312700
       20.9480563280049670      -59.2525954509740340
        9.0388184747418485      -27.0216223151066190
       20.3020010844557850      190.1135367471438300
       31.0000177434096610       -7.3364359010671309
       77.1860135989071380       56.7313890148709350
        9.3196679333565484       22.5060808635123810
       93.8551607698723840       37.5748195249195690
       28.1243388426291890       15.7442966594094320
       14.9446739604676290       -2.4111664898481506
       14.0700617798828650        2.4537031948670194
        6.0245084934959170        8.4039005830127493
      -16.5377386785888730       65.7798241127097190
      -88.5870785263720960      -33.4681468111344100
      -48.9417817193504450      139.6931817709162000
      -43.1154300716337100      124.7518341607506600
     -159.1097241255604000       66.8942721006220180
     -126.7037468670929700       93.0337949227955510
     -131.2453147692560000      111.9811095955284800
     -116.7670081256720800      129.1106620273044100
      -88.0734781115116190       94.5379347528262740
     -141.7142922386489400      108.8534340330291900
      -57.7414937376818070       89.5297883789016140
      -56.3947107899449160      101.4325745570615100
      -24.3849607603643830       43.9580589001946860
      -37.6562314686404700       38.6721721633565210
      -70.4673165289162990       87.7338737390909960
     -110.2605984674477400      140.5773447869401600
      -87.5032464614437940      147.5794365617357500
      -89.4161068199678080      130.0533014801671400
      -87.1130223945271920       47.4395326871660220
      -89.5847597425762250       53.6239235360123490
      -38.7563241658302790       77.0471629811110430
      -26.5934942355941860       55.3747751292430410
      -80.8732890934853690       52.8646470073524810
       16.1637974362848490      153.9872571315817700
        8.6584207083851439      101.1850270117594300
       32.3387970898315300      109.1442785072298100
       80.5354866182789660      144.9170328371440900
       61.6424423070789590       88.1391766968785080
      -31.6279416319507120      169.1107507862363100
       71.1823052840739620      116.4656378271740400
      -78.2005115582179680       73.9122004223272310
     -127.9133159886003500       79.0122004314618350
       33.4786454269328570        8.7838271121077458
      -15.5918161862248220       43.1665107037166460
       95.8896679259734980      -22.4050765941300940
      -94.3518257514570000      175.0365462980470900
      -96.8515426329397120       91.5730404686518970
     -188.0564193173392200      100.5060902105712300
       43.2228403154763680       93.7290111400507870