       -0.0000170556961815        0.0000421842725909 
     -646.8010512680130000        0.0002902153663304 
     -250.4556352181864200       92.6782525194179810 
      -51.0115999404559940      -49.2759262640485010 
     -411.3689500066198500        5.6395377064771406 
     -147.4442036873795100       31.1139723864461820 
      -74.9822400511601190       15.2602561372629810 
     -109.0663858596999100       32.8429072202474760 
     -139.1290020825956900     -218.5868145407314400 
     -470.8163999126894100      184.6206858410195400 
     -360.2423614566602100       59.1566035256626390 
      -96.3460242274822040     -289.3594236616859800 
      -82.6088160694326060      -24.3879872070535660 
     -179.8015440597090400       99.4283958687592960 
     -235.8103599915328600      127.9029889849894800 
       56.6459499435786210     -264.8672627480435700 
     -121.6946007885417200       14.0334417799205480 
