       -0.0002014725197088        0.0005014427161548
      -27.9915857181204470       -0.0002140163635424
      -67.2074724323147170      -47.6494517032057490
      -47.8268774815668110      -45.1678869390383890
       69.9057292881115870      -50.4326739237602410
       56.6872137702753070     -109.2884565678581800
       65.7096531432452050      -90.4193710269606610
       81.3389914914067160        1.9977642068963912
      118.5000468906429500        6.0570867689519741
       50.5966057290800820       19.5357217150969690
       95.6304765145502390       39.3763264029156160
      110.2325651922767900      129.0402153040310500
       39.7944407103404170        6.1090032478699001
       22.4376294770465490        7.3898076845185692
       10.2134555696878180      -11.7192559051862370
        5.6765372626862245      -10.9123158815731180
       -4.3433161081161042       -5.3018709652523173
       47.8280008159019660      102.3494219928233400
       74.7048471502789510      117.4987161128083500
       27.0115277820016540      141.5157573835537100
      -41.7351073180443000      162.1449461406529300
      -18.8424145285176720      182.6368374772066000
      -51.7146452780879360      125.4208241199711300
       -5.7410844606579960      123.8946822788854700
      -19.9728337394498470      131.3048253975284800
      -14.0327250609514580       50.8862310484469450
      -64.6101936967782680       91.4868658024928440
     -122.1752944662810700       90.0543378729963850
      -84.4756145679522770       64.6243832619975510
      -46.5423044598233700       62.5543912752963110
      -86.7437084313542640        9.7020307670977708
       76.9903246652159080      145.3172848306216200
      103.9076910548830000      -28.5511859571965760
      -71.2570596108249390      -19.4754579984507610
