       -0.0020341448749996       -0.0033311163836143
       64.9471609449051640       -0.0021551742350386
       93.6018585122259310        7.8374411489014166
       -8.0223110735509948      -11.4565237408212240
      174.1803566014649200      146.4803125348458700
     -370.1848864747999000       33.7653712864351550
     -320.0931870139760900       46.0362261448628800
     -363.2613521373389700      -16.9969364462291100
     -214.5858449463338800       79.5978615305243410
     -243.0102527929893800      114.6845237405040500
       19.1281745331516180      108.9156048851227600
      -26.9513498244710950      113.7180047493179000
       81.5208660235470860      105.5862259481206600
       27.0357507601020510      137.6330636532976500
       87.6502702470936300      167.4882928449920000
     -149.0500502114364600      170.2007932259730300
      -63.4251421675991200      124.5137270321570400
      -83.4861809614711210      105.8838795371078900
     -126.3846088415148800      124.5605924546457900
     -123.0416066131940600      186.4291640124930900
     -238.1156943751707900       41.9544912791073730
     -272.6356373274467700       13.3822259988306220
     -200.5629901202561000      179.0279375078247300
     -266.4272098403355400      143.9273447758211500
     -154.1860549499695300      255.3357229671601400
      -45.2818813956666590     -563.1033679449992600
      -42.2615200041232980     -527.7840505369129000
      -25.9502542979972370     -520.4085100613243600
       33.5643355953174310     -512.2981763440864100
       93.7652470161900030     -513.1137066340687600
     -487.7300512268416200     -627.8554859423551300
     -219.1034978947900500     -596.4044954783565800
     -415.5659385951460600     -599.7707838578597800
     -213.6519080233196100     -685.3456018654986800
     -518.9028287849081400     -449.2967422037761500
     -132.5967023088570600     -199.1472175596473200
     -113.6721810120668600     -200.6884384458049100
     -154.8281660906277200     -150.2219527785406100
      -93.4315567352795430     -147.5434253998021700
     -131.2778323749509800     -166.8845850740833600
     -121.7726829551591700     -136.4912097506749300
     -479.2736238742217600     -314.1989639315446000
     -383.9286213528899900     -255.2596175870373500
     -442.3051572841200100     -253.4300281055240600
     -404.5212726435619900     -280.6736705922596100
     -348.1813572618675600     -269.8290175123788700
     -364.9933860054305200     -233.3380423687824000
     -348.4462613283800500     -250.5974405379666100
      776.7042743832114400    -1282.6611724134937000
      733.8272927840249600    -1325.6891698353877000
      727.5626133055043300    -1279.5256540808227000
      605.4129781875985800    -1311.2321702861329000
      670.5199349797176200    -1286.4007057688468000
