       -0.0004919899798191       -0.0062320204425425
      -71.2607635986983180        0.0030968014432746
      -71.2607454287992110        0.0032021747271009
      -71.2607510196178850        0.0031671201296249
      -44.6815353613642830       10.7922547955563000
      -83.8452091635315210        6.7713902834598940
      -83.8452093301590790        6.7713944912626260
      -83.8452082035862530        6.7713955060540423
      -84.9161257907300920        9.9545508935197535
      -84.9161261428298810        9.9545505762014042
      -84.9161257580881280        9.9545493276465784
      -84.9161254755655790        9.9545524681724658
      -92.1411187360479570       10.0826375073712690
      -92.1411190610532740       10.0826392128965490
      -92.1411191688902140       10.0826366343151930
     -102.8070463251359600       14.6716120471782790
     -102.8070464906123600       14.6716152391794720
     -102.8070468249867800       14.6716091860786460
     -124.3432443125634300       45.8737642787154130
     -124.3432446705664200       45.8737599587502630
     -124.3432472624726900       45.8737563712996770
       12.9245363907173980       17.9983289794590000
      -21.0844514699438720      -11.2267556084336970
      -21.0844551487159850      -11.2267355330803330
      -60.4869865448342520       -8.3092982161108413
      -61.3431589515530150      -10.6754514000517990
     -108.2590128663301100        2.3987040112058966
      -72.5064866549597580       -0.3444646311354454
      -72.5064853733847910       -0.3444962898934610
      -86.7147011021650090        6.3413600193295911
      -86.7147011550432720        6.3413608455854291
      -87.0386527878475820        9.9230231042991832
      -87.0386520388387050        9.9230284287501309
      -94.0675854071793370        9.8775021142891788
      -94.0675850611669520        9.8775006175679447
      -32.3381717577333920       -7.3718140608599345
      -70.4668282403320920       -1.9161096695639765
      -72.1398417854680930       -4.3792061944158620
    -3288.3551611448966000    -3860.0965233907718000
    -3288.3550304499618000    -3860.0966385777842000
    -3303.6387001142698000    -3856.4869279937952000
    -3303.6386812290261000    -3856.4869443139842000
    -3303.6387249532918000    -3856.4869061958457000
