       -0.0153843707957630       -0.0107895707603539
    -2226.4114073906667000        0.0022885563049230
    -2434.4764372686909000      -84.5829527355835320
      197.8914484225028000     1797.4161549141797000
    -1742.9809958393364000      257.8409466140991000
    -2908.9328958680430000      732.3696193452344700
    -3798.6569787407057000    -4264.0972530043737000
    -1681.1295798666713000     -296.2186021626821500
      551.1952371283923600       85.0231840059817900
    -2300.3914023393868000      360.5001101700933100
    -2822.6949718437995000     -530.5578942243461100
    -1661.0042365332577000      943.8021782235031200
      426.5841447544322600      209.9515981846109300
    -3201.4731180124118000     1013.4244788215987000
    -3680.3723173131752000     1565.9418088593945000
    -2437.1309352118615000    -1192.9310166170869000
    -2678.2457493850939000      791.7651738605217100
     -294.9255362622133700      130.1073369017705100
    -2925.7089241491467000      804.5589525304375200
      857.2011023949839900      542.2771563396754600
    -3239.0610700249708000      126.9919127148006800
    -1915.7262138786132000     -347.0402219568259700
    -1378.4926891194011000      392.7283736270295000
     -654.0947974089770000      489.0624097819227800
      557.9862068785840800      164.3898639978221200
    -2765.6141095733010000      655.5593522482925000
    -1841.6399922566973000      546.7562387793525400
    -3045.7099865798873000      805.0227808175874300
    -2719.1508595265714000      246.3761338644985100
      196.5568843734079700      137.8825612771115300
    -3551.7293486392164000    -3500.2162674282245000
      738.2675587180303900      189.9094106245005400
    -3226.1637731006876000      880.4550165201631000
    -3477.5344577801725000     1271.4518568222411000
    -2372.9137829924207000      250.1376435508196600
    -2787.7780695390679000      478.0976145227229500
    -3299.7487572209561000     1075.6103966006992000
    -3014.7559301361021000    -2673.3742091895515000
    -2630.9007310486804000      -41.3403703166416110
      423.5237938541048900      158.4890292001275600
    -2274.5336096347028000      119.1999722995711000
    -3020.9758805919873000    -3222.4874545412263000
    -1915.8074888477267000      669.1362830349029300
     -336.8645194290675700      216.6285489789841600
    -3477.8071465642247000     1077.0057840290669000
    -3715.6236066200499000     1315.7701299371104000
    -2358.5565668354770000      474.9296683768035300
    -2381.8516961259816000      -10.6121726294623550
    -2232.4579981629572000      473.0706260912661500
      688.9831625811691500     1270.8530334628049000
    -2545.7944173496658000      201.9566687693703100
    -2362.9482023967862000      365.7235984090377200
      302.7958270480446000      904.0535124785843700
    -2123.9998381885480000      -20.3406459510555030
    -2090.6890243198472000     -126.7442892149436500
    -3747.8766358371727000     1244.4625130570339000
    -1295.2425276455426000      907.8990964030323300
     -730.8609068780372100      140.6999240264166000
