       -0.0001511589187033       -0.0001070700090560
     -524.2158576735470200       -0.0002186998017311
     -520.3026783417274100     -401.1073118880503900
     -101.0076843587220200       -2.0894825795007428
     -108.0208338013314600     -371.1705987257848300
      -91.3092526105839110     -124.7071606399322000
      -52.8593475988719420      -61.9286356081460530
      -56.1969747748106560      -94.4859989500177020
     -200.8278859992696500     -451.0941031385997900
     -293.1768188839249100      204.0100552918991900
     -126.4671385607263300       62.1349344945462080
      -83.6271126415682320      -28.5887841621654030
     -503.6183343456688700      345.5413450629636100
     -607.8809691975725400      200.9476381654144200
     -483.7409061582268900       60.2376917088230430
     -115.4757253067896000     -245.8990391149066000
     -144.0051263087594900      237.5883247292740600
     -379.3761662911946400      216.9745214644837000
      -78.1444251021831210      147.6859747860969500
     -221.6971560594275000       79.3863828191787350
     -374.7292722783155300       45.7372013572539370
