       -0.0001726105295274        0.0010400762389592
       23.4128513303217930       -0.0010145061396381
       69.6312207482731790       56.0192405371712710
       45.0260458589941020       53.8567036762467310
       70.1927372005184510       86.8294276263549700
      -50.2656504579091320       57.1657481641598930
      -45.5296865272974360      114.0598908410866400
      -68.0060716097686960       13.6372870168393020
      -75.0674968405662210       -4.3806854309714849
     -115.9178272115985200      -12.9004480023446160
      -48.2299872266604270      -24.0050320564187450
      -91.7747789739276240      -52.5873768164593540
      -84.8130895403365060     -132.6821380865055200
      -40.3020259341079880      -11.6776230275850620
      -41.8403979514313490       19.3099010501797360
      -21.1275384498191020       -6.0585018576541945
      -14.2528573726807350       11.2995188194589160
       -7.1610589131318934       11.6995423314699530
        0.8085828844136721        6.7726446787392511
      -20.3566006586356990     -108.7519644962079300
      -50.1040215528542770     -130.4672987970138800
        1.2441175396921640     -130.4772038234460200
       56.0619896858657260     -140.1662427961224500
       57.5882439659121060     -158.3218505894712100
      104.7921443450771200     -131.6607825753541200
       73.1326540895294240     -104.8654454394805700
       34.4284867233226070     -100.6339897224263600
       38.7500924617533400      -92.2503084084895310
       25.8523306449208650      -34.4393440477356240
       75.0547788597513370      -65.5425199056767980
      132.5372505345278300      -74.8145012817850700
      119.5508540538428700      -44.3355368955262250
       74.2605993803851160      -40.2378248819434670
      136.7496069895774200        0.1571113556775746
       83.7869482930132960       29.7847410893208000
      -37.2066065093646470     -160.3624108699395400
      -86.5749021231629140       14.3075611381961230
       32.1446270478955110       -1.8908924224332839
       60.6789178449124760       33.2366158283937950
      -53.7360281213643700       85.5121354439675090
     -110.9800425272408500       23.1554370482194400
     -104.7348459443633400       -2.8368665434704412
      -89.7655875299935960      -57.5891430992751620
     -109.4037183907202400      -28.1926879299136530
     -121.6487492416924300      -58.8231389830124910
      -63.0035376362889540      -56.0186129738721020
      -63.4223052361020830      -65.7333427431921960
      -76.2895444619863950       72.9578927233325200
       -6.4684904282898854     -148.3590559153973100
       63.0632755264658370     -167.7571406691866700
       35.7040091708364500      -41.7031974951962920
      126.0265356157242100     -111.9705505821983700
      124.8820723630752000      -73.2125636512821810
      106.7218588401116600      -35.5355984090792560
       33.6761212981097910      -34.0815913570386260
      106.1405389644730100      -15.0831779823990750
       73.6311059919337940       11.4354613882548880
      108.4039337094177100       73.9055571327802030
       68.3806142340851440       70.6807333752268790
       65.7964342101254260     -136.4497761556643800
      -41.1876651379209380      -15.5909762821664320
       17.4137650465134400      -29.6908817715305740
      158.0512324503966700      -75.9046423405620060
       99.6248200592272180      -81.7871643896470320
       57.3308622054602490       46.5134210636077300