        0.0101206121349841       -0.0080520939016183
     -200.9142839122614800        0.0184495230851801
      -47.5751891640670760      229.9666877128297500
     -270.9738077724887800       66.2073608866966620
     -158.1605016661903600      153.9782219970295800
     -252.7505072954919600      170.9191378501394100
      -76.1032448083185640       97.1268716820381430
     -461.9342759558076600      221.1085067325495300
     -735.7476273827969600      286.8260251131147200
     -826.7116996490493600      364.7342730350993100
     -951.4741685461334600      255.6953964781237400
     -523.6051760003597300      346.8476805539754100
     -789.9557131898719700      408.3464505801022700
     -539.7804000018634300       17.1632063412264910
     -781.0454505402470900      541.7762522619092400
     -370.4337830786736800      139.1568887687308500
      -18.8225287269986730      396.2682201320352500
     -114.7268594621859100      444.1048271080869700
     -231.2410431445598800      448.4364770293367400
      127.2098604461310000      344.1352109690975000
     -303.5913461487668900      505.3310857427302400
     -978.1850658520809200      331.0606158120946800
     -812.4726470167449900      -64.1188373336077430
     -635.4230305349822200      193.5110680349221800
     -259.9885105597999200      288.4827751556075600
     -543.5102792132380500      118.7024385549882100
     -512.8200046646439900      463.1594088195817000
     -791.1696743949333900      124.7553227302886500
     -581.4931557697340200      371.3681762788822300
    -1091.2886797885469000      144.6533182283998000
     -888.1195997425767200       18.5931745499808340
    -1064.3110667184255000       -4.7732266200203988
     -950.6949356334747600      193.0867465283155900
     -944.8882675140042700       86.8664783089601120
    -1189.2420941137732000       65.2416697282510400
     -556.8283627242764200    -1501.5430568239422000
      113.7404837635795600     -706.1695356901450400
     -225.0294772392583400     -992.7224751469657300
     -355.4114984582471900    -1031.0444544887334000
     -118.9820168930132500     -833.2510612269431900
      252.5277162372598800     -480.9260391280000700
      -77.8531257937969630     -755.8291883032779900
     -194.8326896023534400     -846.4476116504048400
     -891.8595466616121700     -847.8254382854044000
    -1405.3639278984194000     -649.0827073880742500
    -1393.9973154870336000     -950.7942644137789300
    -1228.6571541738965000    -1361.4121890174883000
    -1020.8898886221700000    -1149.8204697426670000
     -762.3154687333596900    -1016.8642494199353000
    -1067.8565456018619000     -976.6296745022187900
     -442.9106627310147200     -418.3599912748952100
     -569.1102525687956600     -536.8173112849824500
     -397.2861865997101600     -340.7446673102742200
     -464.9427676460609900     -270.1834108140725400
     -656.4651005165515000     -396.1386610114106500
     -502.3149738386964000     -326.5955625478359300
     -595.8888865656119800     -286.6968862557475900
     -979.0212220473499700     -559.7753376040806200
    -1180.4805943707472000     -570.4029527749872800
    -1175.7057167829373000     -372.9610665153300000
    -1219.0586548123094000     -298.6679631382940600
    -1012.8128978731912000     -378.0571318005249300
    -1055.3634303340266000     -468.3110278704335800
      625.9188183245593100    -1689.4319312904163000
      935.7885600357486700    -1565.7098211382358000
      433.8606990195293100    -1774.1925352292490000
      855.1860939287895500    -1392.1745612509787000
      488.3521976200664800    -1750.4586367654335000
     1008.8399039075574000    -1307.4448132497644000
      762.9092433308670700    -1607.3897367675127000