        0.0000012861713164       -0.0000001458011818
       15.1609577283526970        0.0000019646974971
        0.1985914451047522      -30.3357064004394560
        7.3667741853464719      -21.6749071473231250
       17.2564947880840260      -26.5391012469927680
       54.0978347013155200      -10.5676789016063530
       30.8115712139384390      -11.3037209922479270
       18.6401258814228360       31.5201253453782120
        4.1378937096638841      -92.1257245246969770
      -13.8576107617039530     -113.4043736484642400
       32.6682650476779490      -85.8412076060482430
       71.6232797031301940      -82.9832055481534780
       63.6749620850290650      -71.8884372168450910
       90.0871513246607950       -4.9847817988365675
       58.5711073051026720       45.2481302802876680
       52.8456499591816990       55.0480731626244190
       63.3590912791793240       51.9308585084438760
       -0.0645890137190979       67.3392244358517470
       54.4561484748929770      -47.8489320468267250
       76.0582263201306860       15.2742059261415260
      -75.4370296413349590       33.0311009877758650
      -45.7697656366900250     -152.4258747711705800
      -76.2261997510469480      -95.2014070441275070
        7.0403808735076518     -131.1947927893823800
      -81.4872883679100970     -189.1303868386579300
       49.6138857239075650     -100.3736321290412300
       51.1405124011657150      -25.2490678279728340
       -2.1059572229692423      -27.6532990423018600
      -15.0950229362474460      -40.3377106102785210
      -25.0607270498760180      -65.0308280097345770
      -40.4365480734883180      -50.5481155278336800
      -20.8256237396260500       62.7261290126233180
      -36.6119631871852530       -4.3095530540530582
      -99.3447710589955190       28.3676119255560730
      -82.9879415937583790       10.9939930486904310
      -55.2917142196805430      111.5796240388342300
      -19.2080396574828460      127.3445406520594900
       32.7757823050070980       64.5937664747054900
     -103.9175249739146200      -71.5135705425500990
      -57.1798965868560390     -129.3602820542111300
      -33.8114362292538500     -179.5544179576772600
       23.0748383714063440     -121.7644416289498700
