       -0.0000882237751594       -0.0001331784108571
     -274.1405679430906700       -0.0002366996304774
    -1272.8052918190765000       -8.0572303172335129
       44.3481774806685890      745.0208904351366100
    -1138.2148549394351000      -48.3972997275273040
    -1819.8141993166259000      754.0963204689153400
    -1428.7934793320949000      672.0902443579851700
    -1668.3934469505803000      857.9671221019681300
    -1538.3365343621949000      -20.4930874649389770
    -1451.3177787450848000      133.1501740648412500
     -118.9869240238852200      412.6580370525330200
    -1004.3999398565301000      514.7611735369351900
    -1205.6560489552166000      345.9461827003117900
    -1310.7274981946020000      545.5704098280346000
     -566.9685004618760300     -158.7017178137269900
     -105.8023653121643300      317.1677637561625700
     -700.2981838135982600      459.2725369362695500
    -1230.4424602029781000      587.1031639370844500
       -2.4439814162505074     -232.6088813860598600
     -518.2184911905362700      811.3761085115411300
     -664.7477594990879200     -360.6329559942536200
    -1104.1370266982785000      384.1155310412419800
    -1475.5736311653559000     -207.2793548026590700
     -662.9181469441600700      282.4247283307431600
    -1271.5250452901994000      146.4729654489345300
     -816.3795673303855000       -4.6228279064533604
      666.7338147318158700       18.3782636877684310
    -1142.8795002678301000      283.5864222709668600
     -938.7455874862696400       36.9140193084620880
    -1627.7661597352603000     -494.4344675207244700
     -692.1889467771322900      697.7114223671350100
    -1111.0841471873973000      131.7672207545603000
     -981.1637123648968100     -317.7145216687845800
    -1710.9326457857335000      599.7026864520154300
     -581.5754309922151600      427.4688235904354800
    -1669.9969647528583000      528.1496748919764700
      318.5409903661272900      -84.4993746815051170
    -1413.9874886484820000      494.2274696987595300
      723.7734682278177200      840.4292003698641300
    -1563.4712917921083000      199.1626674333019500
     -901.0229964254189100      274.5733234880055400
      251.4279867091086900      415.2792014552464900
     -476.7401348865450900     -393.2546615316131200
      841.0237816595486000      314.3809552185777500
      670.4300246552062400      977.1915169044752900
      445.6937612514879600      930.7777161072863200
    -1558.4309979542288000      719.8294769586883600
     -599.6496687261054600       75.1800498080095420
