        0.4063181811540013       -0.2896076434200835
       -1.1482903885171110       -0.9187682676256033
       -0.3549094039195050      -19.1283964328881310
       -1.2918943433621006       36.2744120712518310
       -1.2918751677246845       36.2732586165274640
       -0.9310445131313883       16.5130942977784580
       -0.9310437815415752       16.5129058210207060
       -0.8095375352734571        8.6273260529298188
       -0.8095347793818406        8.6271919072042564
       -1.1394755947740713       -0.9829906718246122
       -1.1394770700537136       -0.9829921180440804
        0.4582597479310439       -0.3249086764207377
       -1.1394785848576379       -0.9829952992665543
       -0.3687366507593077      -18.4207992741969590
       -0.9329706943118798       16.6307760444571850
       -0.9329660618485278       16.6305770120251490
       -0.8110941909962786        8.7446121070964598