        0.0002983550746122       -0.0011813693054157
       70.9054610131620680        0.0009627072112690
       48.6042430064172850     -123.5531968411255700
      -38.4329172755788240      -78.3949645655230820
      -60.4032695096220850      -74.1752033739574730
     -103.9235797635632100      -94.6995150385903770
      -62.8572650379370050      -42.1231829027381370
     -169.4667930335611500       -0.1510691760382828
      -56.9391669677469420      -42.9596655671898450
       -8.6846475847655054      -57.5823700950578040
      -32.6019237357915090      -32.6391890690431620
      -24.3725825642483400      -34.7860056882710250
     -110.7220673584364300       36.4466383713329170
     -109.2090114033677300       66.8821666318968790
      -80.3530349325333480      118.2211301125536500
      -45.0270063928106200      147.4299369938913200
      -46.7768732705443920      104.3855600313326000
      -65.5100479832044300       69.7271683240509220
      -49.3795453143805150       67.2377158734263530
       29.5087196045360470      106.8708954216734100
        2.0620898961248235       65.9775936208752260
       71.8098454342599840       95.7337402033333550
       61.9291145575262050       29.5177137454435970
     -164.1510432050365300       55.7377670315388510
      -53.5198661510191870      -94.3211578402392800
       -0.8684447184816502       10.9885233171258270
       48.9021273855399060       17.8181886472398220
      -22.7052518135095450     -135.2085625164500300
       32.7512806523200060     -102.2209142005642200
      -68.9534441870277560     -118.1366800082128300
      -86.8098284905463940      -96.8184015909133540
     -112.2762034170664500      -82.1185704941573960
     -106.7259405615485000      -30.3905840300421740
       -1.3588947210478060     -119.9937275415763300
     -130.4800777849167200       63.1710535555653930
     -106.6782006789932500      130.3493087079307600
      -77.7790906889044040      156.1928788500002800
      -31.5801013236481650       36.4051744905651160
      -24.4838358405785610       29.8021969532168390
       38.0038626352637860       76.0539058987994280
       36.0030212618570860       29.4769198679234990
      110.1302667324632100        7.4876197348921059
       49.2136892040765590      -26.5514602800990400
       76.1600818188279480      -18.9835330443886860
       35.9622265346181960      149.0849986674626300
      -15.3655887580092840      111.2688896304460400
     -110.9135422318538400      174.3482757532521200
       52.6469524347006230        1.8534126239176261
