        0.0000157348402279       -0.0001771878811280
      -79.1381845812494330        0.0003018994652802
      -65.6460804785524910       15.1548759486560090
     -100.3773312154039300       17.1591107014653090
       -5.7785540727045595       93.8487056259999550
      -53.3096371803304270      124.2491012508537800
      -41.4166879575472540      112.7102192437523800
       39.9682566887997620       81.9226301784614040
       59.0841707181911030       76.7079132746320060
       90.3017236656934440      105.6509281079787000
       57.0944230016901600       44.0380980049917450
      106.6094165169598800       61.6554182294489480
       38.9694770070979860       47.1500785439615200
       17.5562828155329600       62.0737488058250190
       22.9714661453024040       34.4850342184835630
        5.3504303964323334       40.0467214185444720
        1.2873440824967863       34.9586263314226780
        1.2189061350326578       24.4968217923852870
      107.6219342963062400      -24.6237558103726220
      144.3382085153591300      -12.6199091702159050
      114.7114980557966100      -57.5655946110451780
       87.5024286343874140     -113.8961624085928000
      103.6884538858576700     -121.3074672100234500
       50.5194259665972250     -103.7924822916989900
       73.4724854806461710      -67.0223522224678020
       64.2617842664014060      -69.5018089480888510
       22.2729833334101170      -21.9216842963046190
       19.5086676883283980      -83.1245827104685590
      -25.7926709877289930      -98.7121168842773070
        0.7293359157192740      -60.9657192846807590
      -68.9303651752136090      -89.8443729488794960
      -63.6597689427435180      -26.2238401817663340
       54.1254256782847350       96.1038528167845390
      -10.1171998065141190       -2.4756632576857838
      -53.4764683545317180       -8.1300809291265832
       18.7538255249621140      135.8156419062717900
       76.8176630236490750      102.2665034317716100
       99.8866520150858150       89.9951012078317230
       90.7054371810829280       40.4700358287668180
      101.4122085949602600       33.5061327402849330
      138.8451088109241900      -57.3349929522856670
      116.6762863073934500     -125.2915105347813700
       84.8924073741388270     -155.8132074136694900
       -7.5384637785124449     -123.9900788156368200
      -23.5338767326684920      -88.0716261356215000
      -37.1182556038800230      -78.1863446806219430
      -38.6275642898857540      -35.5996008753298130
     -112.7766759364322400      -26.3986987681143430
      -58.8981533172803750       19.3219943898615120
       -3.1324091209677802      -86.1430637350614600
       77.4522902331646320     -113.7782306673855100
       48.5525191845602750       38.6591887192563990
       26.0877089603643490      -16.5328511334056180
      -26.8049000384596500     -154.3131363557711500
       18.8051716728027220     -110.7977834680709300
      -61.4108261279346620       -6.9393882693175533