0  12.0  19.0  31.0  22.0  17.0  23.0  12.0  24.0  34.0  12.0  21.0  42.0  27.0  36.0  19.0  31.0  28.0  46.0  21.0  27.0  7.0  22.0  29.0  33.0  19.0  8.0  16.0  21.0  33.0  17.0  6.0  43.0  31.0  27.0  31.0  30.0  19.0  43.0  56.0  44.0  45.0  34.0  38.0  42.0  14.0  23.0  12.0  26.0  24.0  14.0  
12.0  0  15.0  37.0  21.0  28.0  35.0  22.0  16.0  28.0  11.0  25.0  50.0  38.0  35.0  9.0  34.0  36.0  51.0  12.0  15.0  11.0  34.0  41.0  43.0  29.0  19.0  19.0  9.0  24.0  23.0  11.0  39.0  20.0  19.0  24.0  32.0  15.0  35.0  62.0  50.0  48.0  46.0  39.0  40.0  20.0  29.0  25.0  21.0  14.0  21.0  
19.0  15.0  0  50.0  36.0  35.0  35.0  21.0  31.0  43.0  25.0  38.0  61.0  46.0  51.0  23.0  48.0  47.0  64.0  8.0  24.0  12.0  37.0  46.0  52.0  25.0  27.0  9.0  17.0  37.0  16.0  23.0  54.0  32.0  10.0  12.0  47.0  30.0  49.0  75.0  63.0  62.0  47.0  54.0  56.0  32.0  42.0  28.0  36.0  27.0  33.0  
31.0  37.0  50.0  0  20.0  21.0  37.0  38.0  33.0  31.0  27.0  13.0  15.0  18.0  19.0  35.0  8.0  8.0  15.0  49.0  45.0  38.0  31.0  29.0  18.0  43.0  24.0  47.0  44.0  38.0  46.0  27.0  31.0  42.0  56.0  61.0  13.0  27.0  41.0  25.0  13.0  16.0  41.0  15.0  25.0  18.0  8.0  29.0  28.0  38.0  17.0  
22.0  21.0  36.0  20.0  0  25.0  40.0  33.0  12.0  14.0  11.0  9.0  35.0  30.0  15.0  16.0  15.0  23.0  32.0  33.0  25.0  27.0  36.0  39.0  34.0  40.0  21.0  37.0  25.0  18.0  39.0  16.0  21.0  21.0  40.0  45.0  11.0  7.0  24.0  42.0  33.0  28.0  49.0  18.0  20.0  12.0  15.0  29.0  8.0  17.0  14.0  
17.0  28.0  35.0  21.0  25.0  0  16.0  18.0  34.0  40.0  22.0  18.0  27.0  10.0  34.0  32.0  25.0  15.0  35.0  38.0  41.0  23.0  11.0  14.0  17.0  22.0  9.0  30.0  37.0  42.0  27.0  17.0  45.0  42.0  44.0  47.0  27.0  27.0  50.0  44.0  32.0  37.0  23.0  33.0  41.0  14.0  16.0  9.0  33.0  36.0  11.0  
23.0  35.0  35.0  37.0  40.0  16.0  0  14.0  46.0  54.0  33.0  34.0  40.0  22.0  51.0  41.0  41.0  30.0  50.0  40.0  50.0  26.0  6.0  14.0  27.0  11.0  20.0  26.0  44.0  55.0  21.0  27.0  60.0  53.0  45.0  46.0  44.0  40.0  64.0  58.0  47.0  53.0  12.0  50.0  57.0  28.0  32.0  11.0  47.0  47.0  26.0  
12.0  22.0  21.0  38.0  33.0  18.0  14.0  0  36.0  46.0  24.0  30.0  45.0  28.0  46.0  30.0  39.0  32.0  52.0  26.0  37.0  12.0  16.0  25.0  34.0  7.0  14.0  13.0  30.0  44.0  9.0  17.0  54.0  42.0  31.0  33.0  40.0  30.0  55.0  62.0  50.0  53.0  26.0  47.0  53.0  23.0  31.0  9.0  38.0  35.0  22.0  
24.0  16.0  31.0  33.0  12.0  34.0  46.0  36.0  0  12.0  13.0  21.0  48.0  41.0  23.0  8.0  27.0  35.0  44.0  25.0  13.0  26.0  43.0  48.0  45.0  43.0  27.0  35.0  16.0  8.0  39.0  19.0  24.0  9.0  32.0  38.0  23.0  7.0  19.0  54.0  45.0  39.0  56.0  28.0  26.0  21.0  27.0  35.0  6.0  6.0  23.0  
34.0  28.0  43.0  31.0  14.0  40.0  54.0  46.0  12.0  0  22.0  23.0  46.0  44.0  16.0  20.0  24.0  36.0  39.0  37.0  24.0  37.0  50.0  53.0  47.0  53.0  34.0  47.0  28.0  9.0  50.0  28.0  12.0  16.0  43.0  49.0  19.0  15.0  10.0  48.0  41.0  32.0  63.0  22.0  16.0  26.0  28.0  43.0  8.0  17.0  28.0  
12.0  11.0  25.0  27.0  11.0  22.0  33.0  24.0  13.0  22.0  0  14.0  40.0  30.0  26.0  10.0  23.0  26.0  40.0  23.0  20.0  16.0  31.0  36.0  35.0  31.0  14.0  26.0  17.0  21.0  28.0  6.0  31.0  21.0  30.0  35.0  21.0  7.0  31.0  51.0  40.0  37.0  44.0  29.0  31.0  10.0  19.0  22.0  14.0  15.0  12.0  
21.0  25.0  38.0  13.0  9.0  18.0  34.0  30.0  21.0  23.0  14.0  0  27.0  21.0  17.0  23.0  10.0  14.0  26.0  37.0  33.0  27.0  29.0  30.0  25.0  36.0  16.0  37.0  31.0  27.0  37.0  16.0  27.0  30.0  44.0  49.0  10.0  14.0  33.0  37.0  26.0  24.0  41.0  17.0  23.0  7.0  6.0  24.0  17.0  25.0  8.0  
42.0  50.0  61.0  15.0  35.0  27.0  40.0  45.0  48.0  46.0  40.0  27.0  0  18.0  32.0  50.0  22.0  14.0  14.0  62.0  59.0  49.0  34.0  27.0  13.0  48.0  34.0  57.0  58.0  53.0  54.0  39.0  44.0  57.0  69.0  73.0  27.0  41.0  55.0  19.0  9.0  22.0  39.0  27.0  37.0  30.0  21.0  36.0  43.0  52.0  29.0  
27.0  38.0  46.0  18.0  30.0  10.0  22.0  28.0  41.0  44.0  30.0  21.0  18.0  0  35.0  40.0  24.0  10.0  29.0  48.0  50.0  34.0  16.0  11.0  6.0  30.0  19.0  40.0  46.0  48.0  37.0  26.0  47.0  50.0  54.0  58.0  28.0  34.0  54.0  37.0  25.0  33.0  23.0  32.0  42.0  20.0  16.0  18.0  39.0  44.0  18.0  
36.0  35.0  51.0  19.0  15.0  34.0  51.0  46.0  23.0  16.0  26.0  17.0  32.0  35.0  0  30.0  11.0  25.0  23.0  47.0  37.0  41.0  46.0  46.0  36.0  53.0  33.0  51.0  39.0  25.0  53.0  30.0  12.0  30.0  54.0  59.0  7.0  21.0  23.0  33.0  26.0  16.0  57.0  6.0  7.0  23.0  19.0  41.0  17.0  29.0  25.0  
19.0  9.0  23.0  35.0  16.0  32.0  41.0  30.0  8.0  20.0  10.0  23.0  50.0  40.0  30.0  0  31.0  36.0  48.0  18.0  10.0  19.0  39.0  45.0  45.0  37.0  23.0  28.0  9.0  15.0  32.0  15.0  32.0  12.0  24.0  30.0  28.0  9.0  27.0  59.0  48.0  44.0  52.0  34.0  34.0  20.0  28.0  30.0  14.0  6.0  22.0  
31.0  34.0  48.0  8.0  15.0  25.0  41.0  39.0  27.0  24.0  23.0  10.0  22.0  24.0  11.0  31.0  0  14.0  17.0  46.0  40.0  37.0  36.0  35.0  25.0  45.0  25.0  47.0  40.0  31.0  47.0  25.0  23.0  35.0  53.0  58.0  5.0  22.0  33.0  28.0  18.0  14.0  47.0  9.0  18.0  17.0  9.0  32.0  22.0  32.0  17.0  
28.0  36.0  47.0  8.0  23.0  15.0  30.0  32.0  35.0  36.0  26.0  14.0  14.0  10.0  25.0  36.0  14.0  0  20.0  47.0  46.0  35.0  24.0  21.0  11.0  36.0  20.0  43.0  44.0  41.0  41.0  25.0  37.0  44.0  54.0  58.0  19.0  28.0  46.0  30.0  17.0  23.0  33.0  22.0  32.0  16.0  8.0  23.0  31.0  39.0  15.0  
46.0  51.0  64.0  15.0  32.0  35.0  50.0  52.0  44.0  39.0  40.0  26.0  14.0  29.0  23.0  48.0  17.0  20.0  0  63.0  57.0  53.0  44.0  39.0  26.0  57.0  39.0  62.0  57.0  47.0  61.0  41.0  33.0  52.0  70.0  75.0  21.0  39.0  46.0  11.0  5.0  9.0  52.0  17.0  26.0  32.0  22.0  44.0  38.0  49.0  32.0  
21.0  12.0  8.0  49.0  33.0  38.0  40.0  26.0  25.0  37.0  23.0  37.0  62.0  48.0  47.0  18.0  46.0  47.0  63.0  0  17.0  15.0  41.0  49.0  54.0  32.0  29.0  17.0  10.0  31.0  23.0  22.0  49.0  25.0  7.0  13.0  44.0  26.0  43.0  74.0  62.0  60.0  52.0  51.0  51.0  31.0  41.0  32.0  31.0  21.0  32.0  
27.0  15.0  24.0  45.0  25.0  41.0  50.0  37.0  13.0  24.0  20.0  33.0  59.0  50.0  37.0  10.0  40.0  46.0  57.0  17.0  0  25.0  48.0  55.0  55.0  44.0  33.0  31.0  7.0  16.0  37.0  24.0  36.0  9.0  21.0  27.0  36.0  18.0  27.0  67.0  58.0  52.0  61.0  42.0  39.0  30.0  38.0  39.0  20.0  8.0  32.0  
7.0  11.0  12.0  38.0  27.0  23.0  26.0  12.0  26.0  37.0  16.0  27.0  49.0  34.0  41.0  19.0  37.0  35.0  53.0  15.0  25.0  0  26.0  34.0  40.0  19.0  15.0  10.0  18.0  34.0  13.0  12.0  47.0  31.0  21.0  24.0  36.0  22.0  45.0  63.0  51.0  51.0  38.0  44.0  47.0  21.0  30.0  17.0  30.0  24.0  21.0  
22.0  34.0  37.0  31.0  36.0  11.0  6.0  16.0  43.0  50.0  31.0  29.0  34.0  16.0  46.0  39.0  36.0  24.0  44.0  41.0  48.0  26.0  0  9.0  21.0  16.0  17.0  29.0  43.0  52.0  24.0  25.0  56.0  51.0  46.0  49.0  38.0  36.0  60.0  52.0  40.0  47.0  13.0  44.0  52.0  24.0  27.0  9.0  43.0  45.0  22.0  
29.0  41.0  46.0  29.0  39.0  14.0  14.0  25.0  48.0  53.0  36.0  30.0  27.0  11.0  46.0  45.0  35.0  21.0  39.0  49.0  55.0  34.0  9.0  0  14.0  25.0  22.0  38.0  50.0  56.0  34.0  31.0  57.0  56.0  55.0  58.0  38.0  41.0  63.0  46.0  35.0  44.0  12.0  43.0  52.0  27.0  26.0  17.0  47.0  50.0  25.0  
33.0  43.0  52.0  18.0  34.0  17.0  27.0  34.0  45.0  47.0  35.0  25.0  13.0  6.0  36.0  45.0  25.0  11.0  26.0  54.0  55.0  40.0  21.0  14.0  0  36.0  25.0  46.0  52.0  52.0  43.0  32.0  48.0  54.0  60.0  64.0  30.0  38.0  57.0  32.0  21.0  31.0  26.0  33.0  43.0  25.0  19.0  25.0  42.0  49.0  23.0  
19.0  29.0  25.0  43.0  40.0  22.0  11.0  7.0  43.0  53.0  31.0  36.0  48.0  30.0  53.0  37.0  45.0  36.0  57.0  32.0  44.0  19.0  16.0  25.0  36.0  0  20.0  16.0  37.0  51.0  10.0  25.0  61.0  49.0  35.0  36.0  46.0  38.0  62.0  66.0  54.0  58.0  22.0  53.0  59.0  29.0  36.0  13.0  45.0  42.0  28.0  
8.0  19.0  27.0  24.0  21.0  9.0  20.0  14.0  27.0  34.0  14.0  16.0  34.0  19.0  33.0  23.0  25.0  20.0  39.0  29.0  33.0  15.0  17.0  22.0  25.0  20.0  0  23.0  28.0  35.0  22.0  8.0  41.0  34.0  35.0  39.0  26.0  20.0  44.0  49.0  37.0  39.0  30.0  33.0  39.0  9.0  17.0  9.0  27.0  28.0  8.0  
16.0  19.0  9.0  47.0  37.0  30.0  26.0  13.0  35.0  47.0  26.0  37.0  57.0  40.0  51.0  28.0  47.0  43.0  62.0  17.0  31.0  10.0  29.0  38.0  46.0  16.0  23.0  0  24.0  43.0  6.0  22.0  57.0  38.0  19.0  20.0  46.0  32.0  54.0  72.0  60.0  61.0  38.0  54.0  57.0  30.0  39.0  22.0  39.0  33.0  30.0  
21.0  9.0  17.0  44.0  25.0  37.0  44.0  30.0  16.0  28.0  17.0  31.0  58.0  46.0  39.0  9.0  40.0  44.0  57.0  10.0  7.0  18.0  43.0  50.0  52.0  37.0  28.0  24.0  0  21.0  30.0  20.0  40.0  15.0  16.0  22.0  37.0  18.0  33.0  68.0  57.0  53.0  55.0  43.0  42.0  28.0  37.0  34.0  22.0  11.0  29.0  
33.0  24.0  37.0  38.0  18.0  42.0  55.0  44.0  8.0  9.0  21.0  27.0  53.0  48.0  25.0  15.0  31.0  41.0  47.0  31.0  16.0  34.0  52.0  56.0  52.0  51.0  35.0  43.0  21.0  0  47.0  28.0  21.0  7.0  36.0  42.0  26.0  15.0  12.0  57.0  49.0  41.0  65.0  30.0  25.0  29.0  33.0  43.0  10.0  10.0  31.0  
17.0  23.0  16.0  46.0  39.0  27.0  21.0  9.0  39.0  50.0  28.0  37.0  54.0  37.0  53.0  32.0  47.0  41.0  61.0  23.0  37.0  13.0  24.0  34.0  43.0  10.0  22.0  6.0  30.0  47.0  0  23.0  60.0  43.0  26.0  26.0  47.0  35.0  58.0  71.0  59.0  61.0  32.0  54.0  59.0  30.0  39.0  18.0  42.0  37.0  30.0  
6.0  11.0  23.0  27.0  16.0  17.0  27.0  17.0  19.0  28.0  6.0  16.0  39.0  26.0  30.0  15.0  25.0  25.0  41.0  22.0  24.0  12.0  25.0  31.0  32.0  25.0  8.0  22.0  20.0  28.0  23.0  0  37.0  26.0  29.0  34.0  25.0  13.0  37.0  52.0  40.0  40.0  38.0  32.0  36.0  9.0  19.0  16.0  21.0  20.0  10.0  
43.0  39.0  54.0  31.0  21.0  45.0  60.0  54.0  24.0  12.0  31.0  27.0  44.0  47.0  12.0  32.0  23.0  37.0  33.0  49.0  36.0  47.0  56.0  57.0  48.0  61.0  41.0  57.0  40.0  21.0  60.0  37.0  0  27.0  55.0  61.0  18.0  25.0  14.0  41.0  37.0  25.0  68.0  17.0  7.0  32.0  30.0  50.0  18.0  29.0  34.0  
31.0  20.0  32.0  42.0  21.0  42.0  53.0  42.0  9.0  16.0  21.0  30.0  57.0  50.0  30.0  12.0  35.0  44.0  52.0  25.0  9.0  31.0  51.0  56.0  54.0  49.0  34.0  38.0  15.0  7.0  43.0  26.0  27.0  0  30.0  36.0  31.0  16.0  18.0  62.0  53.0  46.0  64.0  36.0  32.0  30.0  36.0  42.0  14.0  6.0  32.0  
27.0  19.0  10.0  56.0  40.0  44.0  45.0  31.0  32.0  43.0  30.0  44.0  69.0  54.0  54.0  24.0  53.0  54.0  70.0  7.0  21.0  21.0  46.0  55.0  60.0  35.0  35.0  19.0  16.0  36.0  26.0  29.0  55.0  30.0  0  6.0  51.0  33.0  48.0  81.0  69.0  67.0  57.0  58.0  58.0  38.0  48.0  38.0  38.0  27.0  39.0  
31.0  24.0  12.0  61.0  45.0  47.0  46.0  33.0  38.0  49.0  35.0  49.0  73.0  58.0  59.0  30.0  58.0  58.0  75.0  13.0  27.0  24.0  49.0  58.0  64.0  36.0  39.0  20.0  22.0  42.0  26.0  34.0  61.0  36.0  6.0  0  56.0  38.0  54.0  86.0  74.0  72.0  58.0  63.0  64.0  43.0  53.0  40.0  44.0  33.0  44.0  
30.0  32.0  47.0  13.0  11.0  27.0  44.0  40.0  23.0  19.0  21.0  10.0  27.0  28.0  7.0  28.0  5.0  19.0  21.0  44.0  36.0  36.0  38.0  38.0  30.0  46.0  26.0  46.0  37.0  26.0  47.0  25.0  18.0  31.0  51.0  56.0  0  18.0  28.0  31.0  23.0  16.0  50.0  7.0  14.0  17.0  12.0  34.0  17.0  28.0  18.0  
19.0  15.0  30.0  27.0  7.0  27.0  40.0  30.0  7.0  15.0  7.0  14.0  41.0  34.0  21.0  9.0  22.0  28.0  39.0  26.0  18.0  22.0  36.0  41.0  38.0  38.0  20.0  32.0  18.0  15.0  35.0  13.0  25.0  16.0  33.0  38.0  18.0  0  24.0  49.0  39.0  35.0  49.0  25.0  26.0  14.0  20.0  28.0  8.0  11.0  16.0  
43.0  35.0  49.0  41.0  24.0  50.0  64.0  55.0  19.0  10.0  31.0  33.0  55.0  54.0  23.0  27.0  33.0  46.0  46.0  43.0  27.0  45.0  60.0  63.0  57.0  62.0  44.0  54.0  33.0  12.0  58.0  37.0  14.0  18.0  48.0  54.0  28.0  24.0  0  55.0  49.0  38.0  73.0  29.0  21.0  36.0  38.0  52.0  17.0  22.0  38.0  
56.0  62.0  75.0  25.0  42.0  44.0  58.0  62.0  54.0  48.0  51.0  37.0  19.0  37.0  33.0  59.0  28.0  30.0  11.0  74.0  67.0  63.0  52.0  46.0  32.0  66.0  49.0  72.0  68.0  57.0  71.0  52.0  41.0  62.0  81.0  86.0  31.0  49.0  55.0  0  12.0  16.0  58.0  27.0  34.0  43.0  33.0  53.0  48.0  60.0  42.0  
44.0  50.0  63.0  13.0  33.0  32.0  47.0  50.0  45.0  41.0  40.0  26.0  9.0  25.0  26.0  48.0  18.0  17.0  5.0  62.0  58.0  51.0  40.0  35.0  21.0  54.0  37.0  60.0  57.0  49.0  59.0  40.0  37.0  53.0  69.0  74.0  23.0  39.0  49.0  12.0  0  13.0  47.0  20.0  30.0  31.0  21.0  41.0  40.0  50.0  30.0  
45.0  48.0  62.0  16.0  28.0  37.0  53.0  53.0  39.0  32.0  37.0  24.0  22.0  33.0  16.0  44.0  14.0  23.0  9.0  60.0  52.0  51.0  47.0  44.0  31.0  58.0  39.0  61.0  53.0  41.0  61.0  40.0  25.0  46.0  67.0  72.0  16.0  35.0  38.0  16.0  13.0  0  56.0  10.0  18.0  31.0  22.0  45.0  32.0  44.0  31.0  
34.0  46.0  47.0  41.0  49.0  23.0  12.0  26.0  56.0  63.0  44.0  41.0  39.0  23.0  57.0  52.0  47.0  33.0  52.0  52.0  61.0  38.0  13.0  12.0  26.0  22.0  30.0  38.0  55.0  65.0  32.0  38.0  68.0  64.0  57.0  58.0  50.0  49.0  73.0  58.0  47.0  56.0  0  55.0  64.0  37.0  38.0  22.0  56.0  58.0  35.0  
38.0  39.0  54.0  15.0  18.0  33.0  50.0  47.0  28.0  22.0  29.0  17.0  27.0  32.0  6.0  34.0  9.0  22.0  17.0  51.0  42.0  44.0  44.0  43.0  33.0  53.0  33.0  54.0  43.0  30.0  54.0  32.0  17.0  36.0  58.0  63.0  7.0  25.0  29.0  27.0  20.0  10.0  55.0  0  10.0  24.0  18.0  40.0  22.0  34.0  25.0  
42.0  40.0  56.0  25.0  20.0  41.0  57.0  53.0  26.0  16.0  31.0  23.0  37.0  42.0  7.0  34.0  18.0  32.0  26.0  51.0  39.0  47.0  52.0  52.0  43.0  59.0  39.0  57.0  42.0  25.0  59.0  36.0  7.0  32.0  58.0  64.0  14.0  26.0  21.0  34.0  30.0  18.0  64.0  10.0  0  30.0  26.0  47.0  20.0  32.0  31.0  
14.0  20.0  32.0  18.0  12.0  14.0  28.0  23.0  21.0  26.0  10.0  7.0  30.0  20.0  23.0  20.0  17.0  16.0  32.0  31.0  30.0  21.0  24.0  27.0  25.0  29.0  9.0  30.0  28.0  29.0  30.0  9.0  32.0  30.0  38.0  43.0  17.0  14.0  36.0  43.0  31.0  31.0  37.0  24.0  30.0  0  10.0  17.0  19.0  24.0  2.0  
23.0  29.0  42.0  8.0  15.0  16.0  32.0  31.0  27.0  28.0  19.0  6.0  21.0  16.0  19.0  28.0  9.0  8.0  22.0  41.0  38.0  30.0  27.0  26.0  19.0  36.0  17.0  39.0  37.0  33.0  39.0  19.0  30.0  36.0  48.0  53.0  12.0  20.0  38.0  33.0  21.0  22.0  38.0  18.0  26.0  10.0  0  23.0  23.0  31.0  9.0  
12.0  25.0  28.0  29.0  29.0  9.0  11.0  9.0  35.0  43.0  22.0  24.0  36.0  18.0  41.0  30.0  32.0  23.0  44.0  32.0  39.0  17.0  9.0  17.0  25.0  13.0  9.0  22.0  34.0  43.0  18.0  16.0  50.0  42.0  38.0  40.0  34.0  28.0  52.0  53.0  41.0  45.0  22.0  40.0  47.0  17.0  23.0  0  35.0  36.0  16.0  
26.0  21.0  36.0  28.0  8.0  33.0  47.0  38.0  6.0  8.0  14.0  17.0  43.0  39.0  17.0  14.0  22.0  31.0  38.0  31.0  20.0  30.0  43.0  47.0  42.0  45.0  27.0  39.0  22.0  10.0  42.0  21.0  18.0  14.0  38.0  44.0  17.0  8.0  17.0  48.0  40.0  32.0  56.0  22.0  20.0  19.0  23.0  35.0  0  12.0  22.0  
24.0  14.0  27.0  38.0  17.0  36.0  47.0  35.0  6.0  17.0  15.0  25.0  52.0  44.0  29.0  6.0  32.0  39.0  49.0  21.0  8.0  24.0  45.0  50.0  49.0  42.0  28.0  33.0  11.0  10.0  37.0  20.0  29.0  6.0  27.0  33.0  28.0  11.0  22.0  60.0  50.0  44.0  58.0  34.0  32.0  24.0  31.0  36.0  12.0  0  26.0  
14.0  21.0  33.0  17.0  14.0  11.0  26.0  22.0  23.0  28.0  12.0  8.0  29.0  18.0  25.0  22.0  17.0  15.0  32.0  32.0  32.0  21.0  22.0  25.0  23.0  28.0  8.0  30.0  29.0  31.0  30.0  10.0  34.0  32.0  39.0  44.0  18.0  16.0  38.0  42.0  30.0  31.0  35.0  25.0  31.0  2.0  9.0  16.0  22.0  26.0  0  