0  59.0  73.0  55.0  33.0  53.0  64.0  80.0  81.0  36.0  60.0  57.0  15.0  88.0  50.0  9.0  66.0  56.0  68.0  95.0  64.0  26.0  9.0  51.0  105.0  81.0  93.0  84.0  14.0  93.0  20.0  69.0  60.0  65.0  33.0  4.0  21.0  19.0  95.0  90.0  59.0  60.0  66.0  79.0  98.0  99.0  13.0  66.0  91.0  30.0  44.0  42.0  34.0  68.0  95.0  53.0  44.0  21.0  26.0  50.0  88.0  78.0  30.0  55.0  49.0  31.0  61.0  79.0  21.0  20.0  
59.0  0  19.0  9.0  43.0  22.0  5.0  22.0  52.0  47.0  82.0  52.0  53.0  35.0  23.0  57.0  40.0  12.0  13.0  42.0  52.0  34.0  51.0  20.0  80.0  22.0  58.0  26.0  55.0  44.0  49.0  13.0  62.0  53.0  49.0  61.0  54.0  42.0  75.0  64.0  26.0  17.0  36.0  35.0  73.0  65.0  51.0  80.0  32.0  54.0  66.0  50.0  34.0  72.0  37.0  73.0  23.0  54.0  37.0  55.0  65.0  75.0  31.0  94.0  76.0  29.0  76.0  38.0  47.0  55.0  
73.0  19.0  0  19.0  49.0  23.0  16.0  12.0  39.0  52.0  82.0  49.0  70.0  16.0  43.0  69.0  31.0  17.0  25.0  23.0  46.0  50.0  65.0  39.0  65.0  19.0  41.0  13.0  72.0  24.0  66.0  6.0  59.0  47.0  68.0  76.0  64.0  58.0  61.0  49.0  21.0  14.0  27.0  18.0  58.0  48.0  63.0  78.0  25.0  60.0  69.0  52.0  42.0  67.0  33.0  74.0  42.0  63.0  54.0  54.0  52.0  68.0  48.0  98.0  79.0  44.0  74.0  21.0  65.0  73.0  
55.0  9.0  19.0  0  35.0  14.0  12.0  26.0  46.0  39.0  73.0  44.0  50.0  35.0  27.0  51.0  33.0  4.0  22.0  42.0  44.0  31.0  46.0  24.0  74.0  28.0  53.0  29.0  52.0  43.0  47.0  14.0  54.0  45.0  50.0  57.0  48.0  39.0  68.0  57.0  18.0  11.0  29.0  31.0  67.0  60.0  45.0  72.0  38.0  46.0  58.0  41.0  26.0  63.0  44.0  64.0  25.0  47.0  35.0  47.0  59.0  67.0  29.0  86.0  68.0  25.0  67.0  33.0  45.0  53.0  
33.0  43.0  49.0  35.0  0  26.0  47.0  59.0  48.0  6.0  42.0  25.0  39.0  61.0  48.0  26.0  33.0  34.0  55.0  67.0  31.0  29.0  28.0  47.0  72.0  63.0  61.0  61.0  40.0  64.0  40.0  46.0  30.0  32.0  51.0  37.0  16.0  30.0  62.0  56.0  30.0  34.0  34.0  49.0  65.0  66.0  21.0  43.0  72.0  11.0  25.0  11.0  9.0  40.0  78.0  33.0  42.0  15.0  34.0  20.0  55.0  48.0  31.0  51.0  34.0  26.0  38.0  48.0  40.0  45.0  
53.0  22.0  23.0  14.0  26.0  0  25.0  33.0  34.0  29.0  61.0  30.0  53.0  36.0  40.0  48.0  20.0  10.0  35.0  42.0  30.0  35.0  46.0  37.0  63.0  38.0  44.0  36.0  55.0  40.0  51.0  21.0  40.0  31.0  57.0  57.0  41.0  42.0  55.0  45.0  6.0  9.0  17.0  26.0  55.0  50.0  42.0  58.0  47.0  37.0  47.0  30.0  20.0  49.0  54.0  52.0  35.0  40.0  40.0  34.0  46.0  53.0  34.0  75.0  57.0  29.0  54.0  26.0  50.0  57.0  
64.0  5.0  16.0  12.0  47.0  25.0  0  17.0  52.0  51.0  85.0  55.0  58.0  31.0  27.0  62.0  41.0  14.0  11.0  38.0  54.0  39.0  56.0  23.0  79.0  17.0  57.0  21.0  60.0  40.0  54.0  10.0  65.0  55.0  54.0  66.0  59.0  47.0  75.0  63.0  27.0  18.0  37.0  33.0  72.0  63.0  56.0  83.0  27.0  58.0  70.0  53.0  38.0  74.0  32.0  76.0  27.0  58.0  42.0  58.0  65.0  77.0  36.0  98.0  80.0  34.0  79.0  36.0  52.0  60.0  
80.0  22.0  12.0  26.0  59.0  33.0  17.0  0  49.0  62.0  93.0  60.0  75.0  17.0  43.0  77.0  43.0  25.0  21.0  23.0  57.0  56.0  72.0  40.0  74.0  8.0  50.0  4.0  77.0  28.0  71.0  13.0  70.0  58.0  71.0  83.0  73.0  64.0  71.0  59.0  33.0  25.0  38.0  27.0  67.0  55.0  71.0  89.0  14.0  70.0  80.0  63.0  51.0  79.0  21.0  85.0  44.0  72.0  59.0  66.0  62.0  79.0  53.0  109.0  90.0  50.0  86.0  31.0  69.0  77.0  
81.0  52.0  39.0  46.0  48.0  34.0  52.0  49.0  0  46.0  58.0  28.0  84.0  37.0  73.0  73.0  16.0  42.0  63.0  39.0  20.0  68.0  75.0  70.0  28.0  57.0  14.0  48.0  86.0  32.0  83.0  43.0  34.0  20.0  91.0  85.0  63.0  73.0  22.0  11.0  28.0  35.0  17.0  23.0  21.0  19.0  68.0  51.0  62.0  54.0  53.0  42.0  48.0  38.0  70.0  53.0  70.0  62.0  74.0  37.0  13.0  33.0  68.0  80.0  60.0  62.0  49.0  18.0  82.0  89.0  
36.0  47.0  52.0  39.0  6.0  29.0  51.0  62.0  46.0  0  36.0  21.0  44.0  63.0  54.0  28.0  32.0  37.0  60.0  69.0  28.0  35.0  33.0  53.0  69.0  67.0  59.0  64.0  45.0  65.0  45.0  50.0  25.0  28.0  56.0  41.0  17.0  36.0  59.0  54.0  31.0  37.0  34.0  50.0  62.0  64.0  24.0  37.0  75.0  9.0  19.0  6.0  15.0  34.0  82.0  27.0  48.0  16.0  40.0  15.0  51.0  43.0  37.0  47.0  29.0  32.0  32.0  48.0  45.0  50.0  
60.0  82.0  82.0  73.0  42.0  61.0  85.0  93.0  58.0  36.0  0  33.0  73.0  89.0  90.0  52.0  53.0  71.0  95.0  93.0  39.0  69.0  61.0  89.0  68.0  99.0  71.0  94.0  73.0  87.0  76.0  82.0  25.0  39.0  89.0  64.0  42.0  68.0  57.0  59.0  60.0  69.0  57.0  73.0  63.0  73.0  52.0  9.0  107.0  34.0  18.0  32.0  51.0  21.0  114.0  9.0  84.0  41.0  74.0  27.0  55.0  31.0  72.0  24.0  12.0  68.0  9.0  70.0  77.0  79.0  
57.0  52.0  49.0  44.0  25.0  30.0  55.0  60.0  28.0  21.0  33.0  0  64.0  55.0  66.0  49.0  19.0  41.0  65.0  60.0  8.0  52.0  53.0  64.0  49.0  67.0  42.0  61.0  65.0  55.0  65.0  50.0  10.0  8.0  75.0  61.0  37.0  55.0  38.0  34.0  28.0  37.0  23.0  40.0  42.0  46.0  45.0  29.0  74.0  28.0  25.0  15.0  30.0  19.0  82.0  26.0  61.0  36.0  58.0  9.0  31.0  25.0  53.0  53.0  33.0  48.0  25.0  37.0  64.0  70.0  
15.0  53.0  70.0  50.0  39.0  53.0  58.0  75.0  84.0  44.0  73.0  64.0  0  85.0  39.0  21.0  69.0  53.0  60.0  92.0  70.0  19.0  12.0  41.0  111.0  75.0  96.0  79.0  2.0  92.0  6.0  64.0  69.0  71.0  18.0  13.0  31.0  11.0  101.0  94.0  59.0  58.0  68.0  78.0  103.0  102.0  21.0  77.0  84.0  40.0  55.0  50.0  36.0  77.0  87.0  65.0  34.0  32.0  16.0  59.0  93.0  87.0  22.0  69.0  62.0  25.0  72.0  79.0  8.0  6.0  
88.0  35.0  16.0  35.0  61.0  36.0  31.0  17.0  37.0  63.0  89.0  55.0  85.0  0  58.0  83.0  36.0  32.0  38.0  7.0  50.0  66.0  80.0  54.0  58.0  25.0  34.0  14.0  87.0  10.0  82.0  22.0  64.0  51.0  84.0  91.0  77.0  74.0  57.0  45.0  32.0  28.0  32.0  16.0  52.0  39.0  77.0  83.0  26.0  72.0  78.0  62.0  56.0  72.0  34.0  82.0  58.0  76.0  70.0  63.0  49.0  70.0  64.0  107.0  88.0  60.0  81.0  19.0  80.0  88.0  
50.0  23.0  43.0  27.0  48.0  40.0  27.0  43.0  73.0  54.0  90.0  66.0  39.0  58.0  0  51.0  59.0  32.0  23.0  65.0  68.0  25.0  42.0  4.0  102.0  40.0  81.0  48.0  41.0  67.0  34.0  36.0  75.0  69.0  29.0  50.0  54.0  31.0  95.0  85.0  45.0  38.0  56.0  58.0  94.0  87.0  46.0  91.0  48.0  57.0  73.0  58.0  39.0  85.0  50.0  81.0  7.0  53.0  24.0  66.0  85.0  91.0  21.0  96.0  82.0  23.0  86.0  60.0  31.0  39.0  
9.0  57.0  69.0  51.0  26.0  48.0  62.0  77.0  73.0  28.0  52.0  49.0  21.0  83.0  51.0  0  59.0  52.0  67.0  90.0  56.0  26.0  10.0  52.0  97.0  79.0  86.0  81.0  21.0  88.0  25.0  65.0  52.0  57.0  38.0  13.0  12.0  21.0  87.0  82.0  53.0  55.0  59.0  73.0  90.0  92.0  6.0  57.0  88.0  22.0  35.0  34.0  28.0  59.0  93.0  44.0  45.0  13.0  28.0  42.0  80.0  69.0  30.0  49.0  41.0  29.0  52.0  73.0  26.0  27.0  
66.0  40.0  31.0  33.0  33.0  20.0  41.0  43.0  16.0  32.0  53.0  19.0  69.0  36.0  59.0  59.0  0  28.0  52.0  40.0  14.0  52.0  59.0  56.0  43.0  50.0  28.0  43.0  70.0  35.0  68.0  34.0  28.0  15.0  75.0  69.0  49.0  58.0  36.0  26.0  14.0  23.0  4.0  21.0  36.0  34.0  53.0  47.0  56.0  41.0  44.0  29.0  32.0  36.0  64.0  46.0  55.0  48.0  58.0  27.0  26.0  36.0  52.0  72.0  52.0  47.0  45.0  18.0  67.0  74.0  
56.0  12.0  17.0  4.0  34.0  10.0  14.0  25.0  42.0  37.0  71.0  41.0  53.0  32.0  32.0  52.0  28.0  0  25.0  39.0  40.0  34.0  48.0  29.0  70.0  29.0  49.0  28.0  55.0  39.0  50.0  13.0  50.0  41.0  53.0  59.0  47.0  42.0  64.0  53.0  14.0  6.0  25.0  27.0  62.0  55.0  46.0  69.0  38.0  45.0  56.0  39.0  26.0  60.0  45.0  62.0  29.0  47.0  38.0  44.0  54.0  63.0  32.0  84.0  66.0  28.0  64.0  29.0  48.0  56.0  
68.0  13.0  25.0  22.0  55.0  35.0  11.0  21.0  63.0  60.0  95.0  65.0  60.0  38.0  23.0  67.0  52.0  25.0  0  45.0  65.0  42.0  60.0  20.0  90.0  17.0  67.0  26.0  62.0  48.0  55.0  20.0  75.0  66.0  52.0  70.0  66.0  50.0  85.0  74.0  38.0  29.0  48.0  43.0  83.0  73.0  61.0  93.0  25.0  66.0  79.0  63.0  46.0  85.0  28.0  86.0  26.0  65.0  43.0  68.0  76.0  88.0  38.0  106.0  89.0  38.0  89.0  46.0  53.0  61.0  
95.0  42.0  23.0  42.0  67.0  42.0  38.0  23.0  39.0  69.0  93.0  60.0  92.0  7.0  65.0  90.0  40.0  39.0  45.0  0  54.0  73.0  87.0  61.0  56.0  30.0  33.0  19.0  94.0  7.0  89.0  29.0  68.0  55.0  91.0  98.0  83.0  81.0  57.0  45.0  38.0  35.0  37.0  20.0  51.0  37.0  84.0  87.0  29.0  78.0  84.0  68.0  62.0  75.0  36.0  86.0  65.0  82.0  77.0  68.0  50.0  72.0  71.0  112.0  93.0  67.0  85.0  23.0  88.0  96.0  
64.0  52.0  46.0  44.0  31.0  30.0  54.0  57.0  20.0  28.0  39.0  8.0  70.0  50.0  68.0  56.0  14.0  40.0  65.0  54.0  0  57.0  60.0  66.0  41.0  64.0  34.0  57.0  71.0  48.0  70.0  47.0  14.0  1.0  80.0  68.0  45.0  60.0  31.0  26.0  26.0  36.0  19.0  35.0  34.0  38.0  52.0  33.0  71.0  35.0  33.0  23.0  34.0  22.0  79.0  33.0  63.0  44.0  62.0  17.0  24.0  23.0  58.0  60.0  41.0  52.0  31.0  31.0  70.0  76.0  
26.0  34.0  50.0  31.0  29.0  35.0  39.0  56.0  68.0  35.0  69.0  52.0  19.0  66.0  25.0  26.0  52.0  34.0  42.0  73.0  57.0  0  17.0  25.0  96.0  56.0  79.0  60.0  21.0  73.0  16.0  45.0  59.0  57.0  23.0  28.0  30.0  8.0  87.0  78.0  41.0  39.0  51.0  60.0  88.0  85.0  22.0  71.0  66.0  35.0  51.0  40.0  22.0  68.0  70.0  60.0  18.0  29.0  6.0  49.0  78.0  76.0  4.0  72.0  60.0  6.0  66.0  61.0  15.0  22.0  
9.0  51.0  65.0  46.0  28.0  46.0  56.0  72.0  75.0  33.0  61.0  53.0  12.0  80.0  42.0  10.0  59.0  48.0  60.0  87.0  60.0  17.0  0  43.0  101.0  73.0  87.0  76.0  13.0  86.0  15.0  60.0  57.0  60.0  28.0  11.0  20.0  11.0  91.0  84.0  52.0  52.0  60.0  72.0  93.0  93.0  9.0  65.0  82.0  29.0  44.0  38.0  27.0  66.0  87.0  53.0  36.0  20.0  18.0  47.0  83.0  75.0  22.0  59.0  50.0  22.0  60.0  72.0  16.0  18.0  
51.0  20.0  39.0  24.0  47.0  37.0  23.0  40.0  70.0  53.0  89.0  64.0  41.0  54.0  4.0  52.0  56.0  29.0  20.0  61.0  66.0  25.0  43.0  0  98.0  36.0  77.0  44.0  43.0  64.0  36.0  33.0  73.0  67.0  32.0  52.0  54.0  32.0  92.0  81.0  42.0  35.0  53.0  55.0  91.0  84.0  47.0  89.0  45.0  56.0  71.0  57.0  38.0  83.0  47.0  80.0  7.0  53.0  25.0  64.0  82.0  88.0  21.0  96.0  81.0  23.0  84.0  57.0  34.0  41.0  
105.0  80.0  65.0  74.0  72.0  63.0  79.0  74.0  28.0  69.0  68.0  49.0  111.0  58.0  102.0  97.0  43.0  70.0  90.0  56.0  41.0  96.0  101.0  98.0  0  82.0  24.0  71.0  112.0  49.0  110.0  70.0  49.0  41.0  118.0  110.0  86.0  100.0  11.0  17.0  57.0  64.0  45.0  47.0  8.0  19.0  93.0  59.0  84.0  76.0  71.0  64.0  74.0  47.0  92.0  67.0  98.0  85.0  101.0  57.0  18.0  37.0  96.0  92.0  75.0  90.0  60.0  43.0  110.0  116.0  
81.0  22.0  19.0  28.0  63.0  38.0  17.0  8.0  57.0  67.0  99.0  67.0  75.0  25.0  40.0  79.0  50.0  29.0  17.0  30.0  64.0  56.0  73.0  36.0  82.0  0  58.0  11.0  77.0  35.0  70.0  17.0  77.0  65.0  68.0  83.0  76.0  64.0  79.0  67.0  39.0  30.0  46.0  35.0  75.0  63.0  73.0  96.0  9.0  74.0  85.0  68.0  55.0  85.0  16.0  90.0  42.0  75.0  58.0  72.0  70.0  86.0  53.0  113.0  95.0  51.0  92.0  39.0  68.0  76.0  
93.0  58.0  41.0  53.0  61.0  44.0  57.0  50.0  14.0  59.0  71.0  42.0  96.0  34.0  81.0  86.0  28.0  49.0  67.0  33.0  34.0  79.0  87.0  77.0  24.0  58.0  0  47.0  98.0  26.0  95.0  47.0  47.0  34.0  101.0  97.0  76.0  85.0  24.0  13.0  38.0  43.0  28.0  24.0  18.0  6.0  81.0  63.0  60.0  68.0  67.0  55.0  60.0  50.0  68.0  66.0  78.0  75.0  84.0  51.0  18.0  44.0  78.0  93.0  74.0  73.0  62.0  21.0  93.0  101.0  
84.0  26.0  13.0  29.0  61.0  36.0  21.0  4.0  48.0  64.0  94.0  61.0  79.0  14.0  48.0  81.0  43.0  28.0  26.0  19.0  57.0  60.0  76.0  44.0  71.0  11.0  47.0  0  81.0  24.0  75.0  16.0  71.0  58.0  75.0  87.0  76.0  68.0  69.0  57.0  34.0  27.0  39.0  25.0  65.0  53.0  74.0  90.0  14.0  73.0  82.0  65.0  54.0  79.0  22.0  86.0  49.0  75.0  63.0  67.0  61.0  79.0  57.0  110.0  91.0  54.0  87.0  30.0  73.0  81.0  
14.0  55.0  72.0  52.0  40.0  55.0  60.0  77.0  86.0  45.0  73.0  65.0  2.0  87.0  41.0  21.0  70.0  55.0  62.0  94.0  71.0  21.0  13.0  43.0  112.0  77.0  98.0  81.0  0  94.0  7.0  66.0  70.0  72.0  19.0  12.0  32.0  13.0  103.0  96.0  61.0  60.0  70.0  80.0  104.0  104.0  22.0  78.0  86.0  41.0  56.0  51.0  38.0  78.0  89.0  65.0  36.0  32.0  18.0  60.0  94.0  88.0  24.0  69.0  62.0  27.0  73.0  81.0  9.0  6.0  
93.0  44.0  24.0  43.0  64.0  40.0  40.0  28.0  32.0  65.0  87.0  55.0  92.0  10.0  67.0  88.0  35.0  39.0  48.0  7.0  48.0  73.0  86.0  64.0  49.0  35.0  26.0  24.0  94.0  0  89.0  31.0  63.0  49.0  92.0  97.0  80.0  81.0  50.0  38.0  35.0  34.0  32.0  15.0  44.0  30.0  82.0  81.0  36.0  74.0  79.0  64.0  60.0  69.0  43.0  81.0  66.0  79.0  77.0  63.0  42.0  65.0  71.0  107.0  88.0  67.0  79.0  17.0  88.0  96.0  
20.0  49.0  66.0  47.0  40.0  51.0  54.0  71.0  83.0  45.0  76.0  65.0  6.0  82.0  34.0  25.0  68.0  50.0  55.0  89.0  70.0  16.0  15.0  36.0  110.0  70.0  95.0  75.0  7.0  89.0  0  61.0  70.0  71.0  13.0  19.0  34.0  10.0  101.0  94.0  57.0  55.0  67.0  76.0  103.0  101.0  24.0  80.0  79.0  43.0  58.0  51.0  36.0  79.0  83.0  67.0  29.0  35.0  12.0  60.0  93.0  88.0  18.0  74.0  65.0  22.0  75.0  77.0  2.0  6.0  
69.0  13.0  6.0  14.0  46.0  21.0  10.0  13.0  43.0  50.0  82.0  50.0  64.0  22.0  36.0  65.0  34.0  13.0  20.0  29.0  47.0  45.0  60.0  33.0  70.0  17.0  47.0  16.0  66.0  31.0  61.0  0  59.0  48.0  62.0  71.0  60.0  53.0  66.0  54.0  21.0  13.0  29.0  23.0  63.0  53.0  59.0  78.0  25.0  58.0  68.0  51.0  39.0  69.0  33.0  73.0  36.0  60.0  49.0  54.0  56.0  70.0  42.0  96.0  78.0  39.0  75.0  27.0  59.0  67.0  
60.0  62.0  59.0  54.0  30.0  40.0  65.0  70.0  34.0  25.0  25.0  10.0  69.0  64.0  75.0  52.0  28.0  50.0  75.0  68.0  14.0  59.0  57.0  73.0  49.0  77.0  47.0  71.0  70.0  63.0  70.0  59.0  0  14.0  81.0  64.0  40.0  61.0  38.0  37.0  38.0  47.0  33.0  49.0  43.0  50.0  48.0  19.0  84.0  30.0  22.0  19.0  37.0  10.0  92.0  19.0  69.0  39.0  65.0  10.0  33.0  18.0  61.0  46.0  27.0  55.0  16.0  46.0  70.0  75.0  
65.0  53.0  47.0  45.0  32.0  31.0  55.0  58.0  20.0  28.0  39.0  8.0  71.0  51.0  69.0  57.0  15.0  41.0  66.0  55.0  1.0  57.0  60.0  67.0  41.0  65.0  34.0  58.0  72.0  49.0  71.0  48.0  14.0  0  80.0  69.0  45.0  61.0  31.0  26.0  27.0  37.0  20.0  35.0  34.0  38.0  52.0  33.0  72.0  36.0  33.0  23.0  35.0  21.0  80.0  33.0  64.0  44.0  63.0  17.0  23.0  22.0  59.0  60.0  40.0  53.0  30.0  32.0  71.0  76.0  
33.0  49.0  68.0  50.0  51.0  57.0  54.0  71.0  91.0  56.0  89.0  75.0  18.0  84.0  29.0  38.0  75.0  53.0  52.0  91.0  80.0  23.0  28.0  32.0  118.0  68.0  101.0  75.0  19.0  92.0  13.0  62.0  81.0  80.0  0  31.0  47.0  21.0  110.0  101.0  63.0  59.0  74.0  80.0  111.0  107.0  37.0  92.0  77.0  55.0  71.0  62.0  45.0  90.0  79.0  80.0  27.0  47.0  17.0  71.0  101.0  99.0  23.0  87.0  78.0  28.0  87.0  82.0  12.0  14.0  
4.0  61.0  76.0  57.0  37.0  57.0  66.0  83.0  85.0  41.0  64.0  61.0  13.0  91.0  50.0  13.0  69.0  59.0  70.0  98.0  68.0  28.0  11.0  52.0  110.0  83.0  97.0  87.0  12.0  97.0  19.0  71.0  64.0  69.0  31.0  0  25.0  20.0  99.0  94.0  62.0  63.0  70.0  82.0  102.0  103.0  17.0  70.0  93.0  35.0  48.0  46.0  38.0  72.0  97.0  57.0  45.0  25.0  27.0  54.0  92.0  82.0  31.0  58.0  53.0  33.0  65.0  82.0  21.0  18.0  
21.0  54.0  64.0  48.0  16.0  41.0  59.0  73.0  63.0  17.0  42.0  37.0  31.0  77.0  54.0  12.0  49.0  47.0  66.0  83.0  45.0  30.0  20.0  54.0  86.0  76.0  76.0  76.0  32.0  80.0  34.0  60.0  40.0  45.0  47.0  25.0  0  27.0  75.0  71.0  45.0  49.0  50.0  65.0  79.0  81.0  10.0  46.0  85.0  10.0  24.0  22.0  22.0  47.0  91.0  33.0  47.0  1.0  34.0  30.0  68.0  57.0  34.0  43.0  31.0  31.0  41.0  64.0  35.0  38.0  
19.0  42.0  58.0  39.0  30.0  42.0  47.0  64.0  73.0  36.0  68.0  55.0  11.0  74.0  31.0  21.0  58.0  42.0  50.0  81.0  60.0  8.0  11.0  32.0  100.0  64.0  85.0  68.0  13.0  81.0  10.0  53.0  61.0  61.0  21.0  20.0  27.0  0  91.0  84.0  48.0  47.0  57.0  67.0  93.0  91.0  17.0  71.0  74.0  34.0  50.0  42.0  26.0  70.0  77.0  59.0  25.0  27.0  8.0  51.0  83.0  79.0  12.0  69.0  58.0  14.0  66.0  68.0  9.0  16.0  
95.0  75.0  61.0  68.0  62.0  55.0  75.0  71.0  22.0  59.0  57.0  38.0  101.0  57.0  95.0  87.0  36.0  64.0  85.0  57.0  31.0  87.0  91.0  92.0  11.0  79.0  24.0  69.0  103.0  50.0  101.0  66.0  38.0  31.0  110.0  99.0  75.0  91.0  0  12.0  50.0  58.0  39.0  44.0  7.0  22.0  83.0  48.0  83.0  66.0  59.0  54.0  65.0  36.0  91.0  56.0  91.0  75.0  93.0  46.0  9.0  26.0  87.0  81.0  64.0  82.0  49.0  40.0  101.0  107.0  
90.0  64.0  49.0  57.0  56.0  45.0  63.0  59.0  11.0  54.0  59.0  34.0  94.0  45.0  85.0  82.0  26.0  53.0  74.0  45.0  26.0  78.0  84.0  81.0  17.0  67.0  13.0  57.0  96.0  38.0  94.0  54.0  37.0  26.0  101.0  94.0  71.0  84.0  12.0  0  39.0  47.0  28.0  32.0  9.0  14.0  77.0  51.0  71.0  62.0  58.0  49.0  58.0  38.0  79.0  56.0  81.0  70.0  84.0  43.0  5.0  31.0  79.0  83.0  64.0  73.0  51.0  28.0  93.0  99.0  
59.0  26.0  21.0  18.0  30.0  6.0  27.0  33.0  28.0  31.0  60.0  28.0  59.0  32.0  45.0  53.0  14.0  14.0  38.0  38.0  26.0  41.0  52.0  42.0  57.0  39.0  38.0  34.0  61.0  35.0  57.0  21.0  38.0  27.0  63.0  62.0  45.0  48.0  50.0  39.0  0  9.0  11.0  20.0  49.0  44.0  47.0  57.0  46.0  40.0  48.0  31.0  25.0  47.0  54.0  52.0  41.0  44.0  47.0  33.0  40.0  49.0  41.0  77.0  57.0  35.0  53.0  20.0  56.0  64.0  
60.0  17.0  14.0  11.0  34.0  9.0  18.0  25.0  35.0  37.0  69.0  37.0  58.0  28.0  38.0  55.0  23.0  6.0  29.0  35.0  36.0  39.0  52.0  35.0  64.0  30.0  43.0  27.0  60.0  34.0  55.0  13.0  47.0  37.0  59.0  63.0  49.0  47.0  58.0  47.0  9.0  0  19.0  21.0  56.0  49.0  49.0  66.0  38.0  46.0  55.0  38.0  28.0  56.0  45.0  60.0  35.0  48.0  44.0  42.0  48.0  59.0  38.0  84.0  65.0  33.0  62.0  23.0  54.0  62.0  
66.0  36.0  27.0  29.0  34.0  17.0  37.0  38.0  17.0  34.0  57.0  23.0  68.0  32.0  56.0  59.0  4.0  25.0  48.0  37.0  19.0  51.0  60.0  53.0  45.0  46.0  28.0  39.0  70.0  32.0  67.0  29.0  33.0  20.0  74.0  70.0  50.0  57.0  39.0  28.0  11.0  19.0  0  17.0  38.0  34.0  54.0  52.0  52.0  43.0  47.0  32.0  32.0  40.0  60.0  50.0  52.0  49.0  57.0  31.0  29.0  41.0  51.0  76.0  56.0  45.0  49.0  15.0  66.0  73.0  
79.0  35.0  18.0  31.0  49.0  26.0  33.0  27.0  23.0  50.0  73.0  40.0  78.0  16.0  58.0  73.0  21.0  27.0  43.0  20.0  35.0  60.0  72.0  55.0  47.0  35.0  24.0  25.0  80.0  15.0  76.0  23.0  49.0  35.0  80.0  82.0  65.0  67.0  44.0  32.0  20.0  21.0  17.0  0  40.0  30.0  67.0  68.0  39.0  59.0  64.0  48.0  45.0  56.0  47.0  67.0  56.0  64.0  65.0  48.0  35.0  54.0  59.0  93.0  73.0  54.0  65.0  4.0  75.0  82.0  
98.0  73.0  58.0  67.0  65.0  55.0  72.0  67.0  21.0  62.0  63.0  42.0  103.0  52.0  94.0  90.0  36.0  62.0  83.0  51.0  34.0  88.0  93.0  91.0  8.0  75.0  18.0  65.0  104.0  44.0  103.0  63.0  43.0  34.0  111.0  102.0  79.0  93.0  7.0  9.0  49.0  56.0  38.0  40.0  0  15.0  85.0  54.0  78.0  69.0  64.0  57.0  67.0  42.0  86.0  61.0  90.0  78.0  93.0  50.0  10.0  33.0  88.0  87.0  69.0  82.0  55.0  36.0  102.0  108.0  
99.0  65.0  48.0  60.0  66.0  50.0  63.0  55.0  19.0  64.0  73.0  46.0  102.0  39.0  87.0  92.0  34.0  55.0  73.0  37.0  38.0  85.0  93.0  84.0  19.0  63.0  6.0  53.0  104.0  30.0  101.0  53.0  50.0  38.0  107.0  103.0  81.0  91.0  22.0  14.0  44.0  49.0  34.0  30.0  15.0  0  87.0  65.0  65.0  73.0  71.0  60.0  66.0  52.0  73.0  70.0  84.0  80.0  90.0  55.0  19.0  45.0  85.0  96.0  77.0  79.0  65.0  27.0  100.0  107.0  
13.0  51.0  63.0  45.0  21.0  42.0  56.0  71.0  68.0  24.0  52.0  45.0  21.0  77.0  46.0  6.0  53.0  46.0  61.0  84.0  52.0  22.0  9.0  47.0  93.0  73.0  81.0  74.0  22.0  82.0  24.0  59.0  48.0  52.0  37.0  17.0  10.0  17.0  83.0  77.0  47.0  49.0  54.0  67.0  85.0  87.0  0  56.0  82.0  19.0  34.0  30.0  22.0  57.0  88.0  43.0  40.0  10.0  25.0  38.0  75.0  66.0  26.0  51.0  41.0  24.0  51.0  67.0  25.0  28.0  
66.0  80.0  78.0  72.0  43.0  58.0  83.0  89.0  51.0  37.0  9.0  29.0  77.0  83.0  91.0  57.0  47.0  69.0  93.0  87.0  33.0  71.0  65.0  89.0  59.0  96.0  63.0  90.0  78.0  81.0  80.0  78.0  19.0  33.0  92.0  70.0  46.0  71.0  48.0  51.0  57.0  66.0  52.0  68.0  54.0  65.0  56.0  0  103.0  37.0  22.0  32.0  51.0  13.0  111.0  13.0  84.0  46.0  77.0  25.0  47.0  22.0  74.0  33.0  19.0  69.0  5.0  64.0  80.0  83.0  
91.0  32.0  25.0  38.0  72.0  47.0  27.0  14.0  62.0  75.0  107.0  74.0  84.0  26.0  48.0  88.0  56.0  38.0  25.0  29.0  71.0  66.0  82.0  45.0  84.0  9.0  60.0  14.0  86.0  36.0  79.0  25.0  84.0  72.0  77.0  93.0  85.0  74.0  83.0  71.0  46.0  38.0  52.0  39.0  78.0  65.0  82.0  103.0  0  83.0  93.0  76.0  64.0  92.0  8.0  98.0  51.0  84.0  68.0  80.0  74.0  92.0  62.0  122.0  103.0  60.0  99.0  43.0  77.0  85.0  
30.0  54.0  60.0  46.0  11.0  37.0  58.0  70.0  54.0  9.0  34.0  28.0  40.0  72.0  57.0  22.0  41.0  45.0  66.0  78.0  35.0  35.0  29.0  56.0  76.0  74.0  68.0  73.0  41.0  74.0  43.0  58.0  30.0  36.0  55.0  35.0  10.0  34.0  66.0  62.0  40.0  46.0  43.0  59.0  69.0  73.0  19.0  37.0  83.0  0  16.0  13.0  20.0  37.0  89.0  25.0  51.0  9.0  40.0  20.0  59.0  48.0  38.0  40.0  25.0  34.0  32.0  57.0  43.0  47.0  
44.0  66.0  69.0  58.0  25.0  47.0  70.0  80.0  53.0  19.0  18.0  25.0  55.0  78.0  73.0  35.0  44.0  56.0  79.0  84.0  33.0  51.0  44.0  71.0  71.0  85.0  67.0  82.0  56.0  79.0  58.0  68.0  22.0  33.0  71.0  48.0  24.0  50.0  59.0  58.0  48.0  55.0  47.0  64.0  64.0  71.0  34.0  22.0  93.0  16.0  0  17.0  34.0  26.0  100.0  9.0  66.0  24.0  56.0  16.0  55.0  37.0  54.0  29.0  10.0  50.0  17.0  61.0  59.0  62.0  
42.0  50.0  52.0  41.0  11.0  30.0  53.0  63.0  42.0  6.0  32.0  15.0  50.0  62.0  58.0  34.0  29.0  39.0  63.0  68.0  23.0  40.0  38.0  57.0  64.0  68.0  55.0  65.0  51.0  64.0  51.0  51.0  19.0  23.0  62.0  46.0  22.0  42.0  54.0  49.0  31.0  38.0  32.0  48.0  57.0  60.0  30.0  32.0  76.0  13.0  17.0  0  19.0  28.0  83.0  23.0  52.0  21.0  46.0  9.0  47.0  37.0  42.0  46.0  27.0  37.0  27.0  46.0  51.0  56.0  
34.0  34.0  42.0  26.0  9.0  20.0  38.0  51.0  48.0  15.0  51.0  30.0  36.0  56.0  39.0  28.0  32.0  26.0  46.0  62.0  34.0  22.0  27.0  38.0  74.0  55.0  60.0  54.0  38.0  60.0  36.0  39.0  37.0  35.0  45.0  38.0  22.0  26.0  65.0  58.0  25.0  28.0  32.0  45.0  67.0  66.0  22.0  51.0  64.0  20.0  34.0  19.0  0  47.0  70.0  41.0  33.0  21.0  28.0  27.0  57.0  54.0  24.0  60.0  43.0  18.0  46.0  45.0  35.0  42.0  
68.0  72.0  67.0  63.0  40.0  49.0  74.0  79.0  38.0  34.0  21.0  19.0  77.0  72.0  85.0  59.0  36.0  60.0  85.0  75.0  22.0  68.0  66.0  83.0  47.0  85.0  50.0  79.0  78.0  69.0  79.0  69.0  10.0  21.0  90.0  72.0  47.0  70.0  36.0  38.0  47.0  56.0  40.0  56.0  42.0  52.0  57.0  13.0  92.0  37.0  26.0  28.0  47.0  0  100.0  20.0  79.0  47.0  74.0  20.0  34.0  11.0  71.0  45.0  28.0  65.0  13.0  52.0  79.0  84.0  
95.0  37.0  33.0  44.0  78.0  54.0  32.0  21.0  70.0  82.0  114.0  82.0  87.0  34.0  50.0  93.0  64.0  45.0  28.0  36.0  79.0  70.0  87.0  47.0  92.0  16.0  68.0  22.0  89.0  43.0  83.0  33.0  92.0  80.0  79.0  97.0  91.0  77.0  91.0  79.0  54.0  45.0  60.0  47.0  86.0  73.0  88.0  111.0  8.0  89.0  100.0  83.0  70.0  100.0  0  106.0  54.0  90.0  71.0  87.0  82.0  100.0  66.0  129.0  110.0  65.0  107.0  51.0  80.0  88.0  
53.0  73.0  74.0  64.0  33.0  52.0  76.0  85.0  53.0  27.0  9.0  26.0  65.0  82.0  81.0  44.0  46.0  62.0  86.0  86.0  33.0  60.0  53.0  80.0  67.0  90.0  66.0  86.0  65.0  81.0  67.0  73.0  19.0  33.0  80.0  57.0  33.0  59.0  56.0  56.0  52.0  60.0  50.0  67.0  61.0  70.0  43.0  13.0  98.0  25.0  9.0  23.0  41.0  20.0  106.0  0  74.0  33.0  65.0  19.0  52.0  31.0  63.0  27.0  8.0  58.0  8.0  64.0  68.0  71.0  
44.0  23.0  42.0  25.0  42.0  35.0  27.0  44.0  70.0  48.0  84.0  61.0  34.0  58.0  7.0  45.0  55.0  29.0  26.0  65.0  63.0  18.0  36.0  7.0  98.0  42.0  78.0  49.0  36.0  66.0  29.0  36.0  69.0  64.0  27.0  45.0  47.0  25.0  91.0  81.0  41.0  35.0  52.0  56.0  90.0  84.0  40.0  84.0  51.0  51.0  66.0  52.0  33.0  79.0  54.0  74.0  0  47.0  18.0  60.0  81.0  85.0  14.0  89.0  75.0  17.0  79.0  58.0  27.0  34.0  
21.0  54.0  63.0  47.0  15.0  40.0  58.0  72.0  62.0  16.0  41.0  36.0  32.0  76.0  53.0  13.0  48.0  47.0  65.0  82.0  44.0  29.0  20.0  53.0  85.0  75.0  75.0  75.0  32.0  79.0  35.0  60.0  39.0  44.0  47.0  25.0  1.0  27.0  75.0  70.0  44.0  48.0  49.0  64.0  78.0  80.0  10.0  46.0  84.0  9.0  24.0  21.0  21.0  47.0  90.0  33.0  47.0  0  34.0  29.0  68.0  57.0  33.0  43.0  31.0  30.0  40.0  63.0  35.0  38.0  
26.0  37.0  54.0  35.0  34.0  40.0  42.0  59.0  74.0  40.0  74.0  58.0  16.0  70.0  24.0  28.0  58.0  38.0  43.0  77.0  62.0  6.0  18.0  25.0  101.0  58.0  84.0  63.0  18.0  77.0  12.0  49.0  65.0  63.0  17.0  27.0  34.0  8.0  93.0  84.0  47.0  44.0  57.0  65.0  93.0  90.0  25.0  77.0  68.0  40.0  56.0  46.0  28.0  74.0  71.0  65.0  18.0  34.0  0  54.0  84.0  82.0  6.0  76.0  64.0  11.0  71.0  66.0  10.0  18.0  
50.0  55.0  54.0  47.0  20.0  34.0  58.0  66.0  37.0  15.0  27.0  9.0  59.0  63.0  66.0  42.0  27.0  44.0  68.0  68.0  17.0  49.0  47.0  64.0  57.0  72.0  51.0  67.0  60.0  63.0  60.0  54.0  10.0  17.0  71.0  54.0  30.0  51.0  46.0  43.0  33.0  42.0  31.0  48.0  50.0  55.0  38.0  25.0  80.0  20.0  16.0  9.0  27.0  20.0  87.0  19.0  60.0  29.0  54.0  0  40.0  28.0  51.0  45.0  25.0  46.0  21.0  45.0  60.0  65.0  
88.0  65.0  52.0  59.0  55.0  46.0  65.0  62.0  13.0  51.0  55.0  31.0  93.0  49.0  85.0  80.0  26.0  54.0  76.0  50.0  24.0  78.0  83.0  82.0  18.0  70.0  18.0  61.0  94.0  42.0  93.0  56.0  33.0  23.0  101.0  92.0  68.0  83.0  9.0  5.0  40.0  48.0  29.0  35.0  10.0  19.0  75.0  47.0  74.0  59.0  55.0  47.0  57.0  34.0  82.0  52.0  81.0  68.0  84.0  40.0  0  26.0  78.0  78.0  60.0  73.0  47.0  31.0  92.0  98.0  
78.0  75.0  68.0  67.0  48.0  53.0  77.0  79.0  33.0  43.0  31.0  25.0  87.0  70.0  91.0  69.0  36.0  63.0  88.0  72.0  23.0  76.0  75.0  88.0  37.0  86.0  44.0  79.0  88.0  65.0  88.0  70.0  18.0  22.0  99.0  82.0  57.0  79.0  26.0  31.0  49.0  59.0  41.0  54.0  33.0  45.0  66.0  22.0  92.0  48.0  37.0  37.0  54.0  11.0  100.0  31.0  85.0  57.0  82.0  28.0  26.0  0  78.0  55.0  39.0  72.0  24.0  50.0  88.0  93.0  
30.0  31.0  48.0  29.0  31.0  34.0  36.0  53.0  68.0  37.0  72.0  53.0  22.0  64.0  21.0  30.0  52.0  32.0  38.0  71.0  58.0  4.0  22.0  21.0  96.0  53.0  78.0  57.0  24.0  71.0  18.0  42.0  61.0  59.0  23.0  31.0  34.0  12.0  87.0  79.0  41.0  38.0  51.0  59.0  88.0  85.0  26.0  74.0  62.0  38.0  54.0  42.0  24.0  71.0  66.0  63.0  14.0  33.0  6.0  51.0  78.0  78.0  0  76.0  63.0  6.0  69.0  60.0  16.0  25.0  
55.0  94.0  98.0  86.0  51.0  75.0  98.0  109.0  80.0  47.0  24.0  53.0  69.0  107.0  96.0  49.0  72.0  84.0  106.0  112.0  60.0  72.0  59.0  96.0  92.0  113.0  93.0  110.0  69.0  107.0  74.0  96.0  46.0  60.0  87.0  58.0  43.0  69.0  81.0  83.0  77.0  84.0  76.0  93.0  87.0  96.0  51.0  33.0  122.0  40.0  29.0  46.0  60.0  45.0  129.0  27.0  89.0  43.0  76.0  45.0  78.0  55.0  76.0  0  20.0  73.0  32.0  90.0  75.0  75.0  
49.0  76.0  79.0  68.0  34.0  57.0  80.0  90.0  60.0  29.0  12.0  33.0  62.0  88.0  82.0  41.0  52.0  66.0  89.0  93.0  41.0  60.0  50.0  81.0  75.0  95.0  74.0  91.0  62.0  88.0  65.0  78.0  27.0  40.0  78.0  53.0  31.0  58.0  64.0  64.0  57.0  65.0  56.0  73.0  69.0  77.0  41.0  19.0  103.0  25.0  10.0  27.0  43.0  28.0  110.0  8.0  75.0  31.0  64.0  25.0  60.0  39.0  63.0  20.0  0  59.0  16.0  70.0  66.0  68.0  
31.0  29.0  44.0  25.0  26.0  29.0  34.0  50.0  62.0  32.0  68.0  48.0  25.0  60.0  23.0  29.0  47.0  28.0  38.0  67.0  52.0  6.0  22.0  23.0  90.0  51.0  73.0  54.0  27.0  67.0  22.0  39.0  55.0  53.0  28.0  33.0  31.0  14.0  82.0  73.0  35.0  33.0  45.0  54.0  82.0  79.0  24.0  69.0  60.0  34.0  50.0  37.0  18.0  65.0  65.0  58.0  17.0  30.0  11.0  46.0  73.0  72.0  6.0  73.0  59.0  0  64.0  55.0  21.0  29.0  
61.0  76.0  74.0  67.0  38.0  54.0  79.0  86.0  49.0  32.0  9.0  25.0  72.0  81.0  86.0  52.0  45.0  64.0  89.0  85.0  31.0  66.0  60.0  84.0  60.0  92.0  62.0  87.0  73.0  79.0  75.0  75.0  16.0  30.0  87.0  65.0  41.0  66.0  49.0  51.0  53.0  62.0  49.0  65.0  55.0  65.0  51.0  5.0  99.0  32.0  17.0  27.0  46.0  13.0  107.0  8.0  79.0  40.0  71.0  21.0  47.0  24.0  69.0  32.0  16.0  64.0  0  62.0  75.0  78.0  
79.0  38.0  21.0  33.0  48.0  26.0  36.0  31.0  18.0  48.0  70.0  37.0  79.0  19.0  60.0  73.0  18.0  29.0  46.0  23.0  31.0  61.0  72.0  57.0  43.0  39.0  21.0  30.0  81.0  17.0  77.0  27.0  46.0  32.0  82.0  82.0  64.0  68.0  40.0  28.0  20.0  23.0  15.0  4.0  36.0  27.0  67.0  64.0  43.0  57.0  61.0  46.0  45.0  52.0  51.0  64.0  58.0  63.0  66.0  45.0  31.0  50.0  60.0  90.0  70.0  55.0  62.0  0  76.0  83.0  
21.0  47.0  65.0  45.0  40.0  50.0  52.0  69.0  82.0  45.0  77.0  64.0  8.0  80.0  31.0  26.0  67.0  48.0  53.0  88.0  70.0  15.0  16.0  34.0  110.0  68.0  93.0  73.0  9.0  88.0  2.0  59.0  70.0  71.0  12.0  21.0  35.0  9.0  101.0  93.0  56.0  54.0  66.0  75.0  102.0  100.0  25.0  80.0  77.0  43.0  59.0  51.0  35.0  79.0  80.0  68.0  27.0  35.0  10.0  60.0  92.0  88.0  16.0  75.0  66.0  21.0  75.0  76.0  0  8.0  
20.0  55.0  73.0  53.0  45.0  57.0  60.0  77.0  89.0  50.0  79.0  70.0  6.0  88.0  39.0  27.0  74.0  56.0  61.0  96.0  76.0  22.0  18.0  41.0  116.0  76.0  101.0  81.0  6.0  96.0  6.0  67.0  75.0  76.0  14.0  18.0  38.0  16.0  107.0  99.0  64.0  62.0  73.0  82.0  108.0  107.0  28.0  83.0  85.0  47.0  62.0  56.0  42.0  84.0  88.0  71.0  34.0  38.0  18.0  65.0  98.0  93.0  25.0  75.0  68.0  29.0  78.0  83.0  8.0  0  