       -0.0000122913591193       -0.0004487633837189
       23.9830901031660490        0.0003399443336867
       52.1739725992281650      -57.2101393637332340
       30.6664875088962670      -51.5442048830521810
       44.2902584899421540      -85.2140273872117010
      -83.8811489655265490      -18.6451098031516520
      -83.7233916067600030      -82.1010600947884940
      -88.5960281057647730      -60.4924405338955400
      -85.5694345818440780       36.3342401091691370
     -116.8792558286290300       53.2757066356942630
      -67.7898488498541100      169.0607367962763900
      -40.3464470865035030       22.5094821906871340
      -66.1884042663152460       49.2421279026480930
      -26.0220873579295360       22.9878064799623160
      -24.0208070418175940        5.7980576367032155
      -18.6923843752573510        4.0916410291638892
       -8.0915787490440465        6.2052102120482022
      -16.8372563159049200      121.5712701475429800
      -40.0521295615149880      143.7493643420808400
       14.1239184293619680      152.3147026948061000
       82.5366691308150710      150.1608477526634100
       72.5116923456532020      175.0000598080179700
      119.4923930446010000      133.9173119383519900
       82.1760387447232860      110.2074038204975600
       39.2842818798034230      123.6702219626388500
       52.6839972534088900      126.5605813473729200
       23.2037906339160040       50.8252909458746700
       81.5170531265495980       74.1953089605904380
      137.7968517645208800       66.1295038515700360
       92.1635885259189820       51.7317400128689830
       57.1301476607247810       51.7213400398313890
      114.1856420149260200      -13.0321899956116950
       73.7744465956963890       -9.5271131708668335
      -28.9107428353953290      170.8046074409643000
     -115.3808994527755100       16.4582364749303490
       49.7388523596277140      -32.0118041673356970
