        0.0000476137201760        0.0000060996139661
       23.9831560175969010       -0.0000072674526762
       52.1720436989232180       57.2114648294646320
       30.6647574577703030       51.5447756904143690
       44.2873975077087540       85.2150659188552170
      -83.8816869220032830       18.6417050837988580
      -83.7261238312937050       82.0976636138044000
      -88.5980097005692640       60.4888782333003970
      -85.5680250950072290      -36.3376059876579380
     -116.8773206310979000      -53.2801408408506130
      -67.7838591960915980     -169.0636041163696700
      -40.3456224512475930      -22.5113511551799550
      -66.1865975236959370      -49.2452590421093820
      -26.0212033810286660      -22.9892450730025860
      -24.0205259569464320       -5.7994559097218703
      -18.6921624240222640       -4.0928418867962097
       -8.0912763631666476       -6.2060335227356349
      -16.8329083946025020     -121.5723657823589300
      -40.0470110069849600     -143.7512736417155600
       14.1293432891371060     -152.3147124232851300
       82.5420186255845750     -150.1584592838514700
       72.5179134727326160     -174.9980218728445900
      119.4971736261336600     -133.9136285377530800
       82.1799902419547980     -110.2050246814582600
       39.2887091406419840     -123.6693467887552600
       52.6885287869675030     -126.5592327210847700
       23.2056540834693090      -50.8249892713504390
       81.5197386435443290      -74.1929592847729250
      137.7992556236136500      -66.1251873753418810
       92.1654839245724280      -51.7290224876043960
       57.1320440934925670      -51.7198502250578400
      114.1852815730607600       13.0356659970757430
       73.7742047718986380        9.5291935122187024
      -28.9046797553810430     -170.8061230442371000
     -115.3802122549693900      -16.4627075293146530
       49.7378402964993070       32.0130266725196080
