        0.0000031991216061       -0.0000017684518021
     -508.8264206660770700       -0.0000071668040525
     -485.3959717557152100      123.5873633862417500
     -128.5057155699710700     -283.5355465865557100
     1014.6419218190488000      -98.0190792995287690
      691.1286401442542900      252.9839705958419500
      585.0106902720677900      295.7824750617056100
       19.3660410423663160      -56.8850177309371220
      750.5532002176285000      718.7701367418866300
      465.2678825651989300      557.4285930357797300
     2124.0402260194378000      918.8858321484575500
      421.4564187387113100      227.8300164448228300
      417.6942711441003600      160.2811105054275100
      460.3508571933883800      130.6884811125208000
      617.2547358897931000      -45.8047638001327750
       11.9450901279676300      149.2216800454254200
