       -0.0002783578375062        0.0038525304290936
    -1598.3636685613208000        0.0046578588517075
     -400.5399825718160400       93.8705833013079880
    -2071.6139955424987000      418.9499020561775100
    -1155.2172859560080000      453.0260022851529700
      578.4548847208517400      935.6855569730054200
      495.5854464286501300      663.9619615071844700
      159.1039173590870300     -118.2857598540056600
      103.5618767406500900      107.6752757866446200
    -1714.2112954432118000      869.5355961401552300
     -313.6441670697939800      518.9133137134082300
     -107.6202108388795700      564.7780170581519300
     -535.6393628049950200      636.4333028214506400
     -646.7762153255783900      399.7475962002962400
       10.2920883477275090      453.1453807715917600
     -273.4023961282205200     -201.5470199498349200
      608.5089175634108200     1212.0779910272227000
      472.9688200151772400      600.2534211634356300
      644.4558984214621700     1018.8574760039655000
      -70.8170624944505250      833.3666881884241800
     -538.5917450008714700      906.5368226359502200
     -237.2662013090980800      -55.0747935093741390
     -434.6018345462375100      393.0654779962733900
    -1471.3258489994380000     1018.2687910186673000
     -703.1305764447628200      553.3471538174164800
    -1979.0183719979918000      515.5360885283370200
      602.8924087206339700     1061.8691899247449000
      524.3258334136108900      749.8023612188837900
    -1212.7934635271597000      150.8850891470989900
      490.6576236397933100      992.5163442898292500
      399.4463811249494800      359.3328784570735500
     -927.1053942296832700     1024.4177788087602000
       58.9325395218078900      612.9925712006930800
     -723.0826050822971600      130.3593618313280700
    -2057.4975225014023000      946.0828334148396800
      399.4615983804752700      760.7096504069190800
      671.2294841697994300      901.6921124444517100
      295.6570576010439600      190.4294135208385200
     -905.3950186030297100      834.9009180466202900
      -68.4093807562637290      248.2557641952959400
     -710.7010410571880400     -232.5926641012771900
    -1538.5672783551533000      535.1834650533594400
      498.4395991083428000     1121.5459059637751000
      446.8914640950833900      476.7330287715593000
    -2008.1271990283526000     1158.1365969686378000
      186.6441311677963600      514.4138127337813600
     -346.3494498821498800      825.1384383267308100
    -1149.1669703591426000      608.2488858201430700