       -0.0000094608629887        0.0000033112886954
    -1134.3145647740751000        0.0000231232403010
     -358.1271770073996700     -221.8923484696787200
     -223.3990583008632300     -281.4119815253231400
     -432.6660177548473000      290.1750721253583800
     -579.8402506309569200     -237.7312801644736500
     -532.5320288701215100      451.7778248055195700
      -36.0833198826949730       41.8610338195717230
     -228.8400276265662700     -442.9746000739276000
     -445.2779896562919400     -318.0052243180510300
     -538.4699210052042400      237.5580148127321300
     -105.8646218833898400     -306.9875860962031300
     -211.2721247871820900      -96.9869790012854910
      -79.3711990070273150     -267.0224535386286700
      -90.6503975216730280      -92.5144426890171160
     -757.9266793230849500      -38.7378855020517530
     -429.3068469127374000     -597.5582307814355500
       72.6069222143966190      -49.4004675518729290
     -638.5632407787336400     -536.7010297094022900
     -315.4153150356196400     -408.7886128455984900
     -157.9808035395158200     -202.5902378407271800
     -401.3384092454131200      377.7380327083736200
    -1049.7810977139895000       22.3364586475559470
     -485.4917800591441600      583.7523836224464700
     -532.9937387345359000      629.4677246290388000
     -270.3625587913716700     -434.9755283400441500
     -499.9611058946168200     -424.2045434109894000
     -686.5413118531244000     -417.0605752434144600
     -874.2675506910544500      265.5507244671654200
     -254.6631880908624100      365.8180202994041100
     -874.1886486307571400      -84.5910550991182790
     -218.8618158112421700     -323.4296624612781600
     -404.6434135415794900     -326.5223790571161000
     -525.7707335114755600      394.7553966275867200
     -926.5818741749816400      239.6622247002252400
     -496.2408280191746700       73.5263775793057870
     -680.8511329385443100     -452.2530440041370500
     -498.2290040690539900     -623.4798416207468100
     -753.8207257703433000      385.3219781624714500
     -595.1325045345224700      484.9977910100449200
     -431.9970537179806300      417.7703671101048700
     -515.5539609984183500      522.3458300827824100
     -530.5091932263437700      587.0477673342172700
     -846.4368812719158100      184.3467069045466900
     -784.4900695115984500       59.9829010661773130
     -562.4257073957470500     -500.3008098703765000
     -539.6271273734059800      -85.0927403059357770
     -184.1994032208884300      329.2709830679360200
     -186.1663242589728800     -181.3007736587050000
     -557.6154327567242000     -499.8740790150330900
     -138.8503593465827600      196.8120411966003500
     -681.4998827701003800      132.1249638929109800
     -562.4990415654720000     -181.3987259834019300
     -565.1680590787442500     -600.6913398029533900
     -714.3171872077721200      489.6783541257904600
     -573.6415112716009600     -477.4071277781234200
     -573.6899166385391000        9.5088924965060233
     -939.8138616858137800     -238.1927500162350400
     -750.1552752446784800     -316.6711527593775500
      -15.7915568898486690       14.6641966864636690
     -482.3353500885077700      295.6466376251468100
       20.5813677488238230      -91.4771738859887050
     -114.5447829252032400     -110.3439450303416400
     -369.3768331880604600       24.4582669206692280
     -214.1921371347517600      231.1933017609417200
     -821.8410770906116300     -163.5113934090341600
     -151.9310284773649500     -101.1907417631573500
      -30.9405091788528490      211.4027366308301100
      -96.7134547246187280       35.1736642842273070
     -461.8921067797912800     -702.3480207486410300
       68.6505729447965360      111.2066823703962400
     -437.1153442392582600     -651.0940580220803900
     -545.4350778176411700     -523.6137904746308300
     -308.0171132742822200     -426.4013225640861200
     -177.7532774941682300     -218.1369125393746100
     -844.2971264407133300     -227.6766236000447100
     -736.7722311682938400     -362.7282640709574900
     -299.1239180768031900     -373.0613302450565800
     -534.2429023278373300     -240.1202894018941300
     -245.9735488130971200      282.5332458921229800
     -308.5118111932340500      258.9382344275040900
     -152.6891770166864700     -243.9719293314990100
     -111.9290426393156500      217.0446623857956200
     -923.3486149286911800     -108.0437577048195700
     -120.2094531538608600     -269.0889095202416000
     -119.1467179958538500     -124.8664618086968100
       -1.4841212578672589     -172.5684393084659700
     -916.6887668448770200     -125.2460774643932400
    -1144.4559141424481000     -107.6339353874750100
     -152.7241997574541900      157.4103667270363200
     -281.8137900819673400      132.3358099620636800
     -486.7980989803276100     -458.8466786295533100
     -771.3270063153155400     -390.6574343713898500
     -674.6799081855821200     -162.1654094208501500
     -731.5747716689417100     -311.4609523448265800
     -789.9910128789401800      401.9570988561449100
     -122.4745973872672200     -112.5111815798024400
     -750.2590686876665100     -156.8637156188269400
     -515.1194602884658000     -173.6342591570419800
     -787.8921853278195600      227.4352404859337200
