        0.0000321462451764        0.0000262219586970
     -272.7529347652885600        0.0000465443943144
     -133.5705771373818600      109.8050002801779100
      -56.0703801698412930      -42.0998433426936030
     -155.8346277123941100       11.6452450478132330
      -81.5749301671645100       31.0627585228243820
     -104.9466993922340200       49.3389515253216900
     -122.9490813808862800       39.7117023352074060
     -137.6928072977636600     -190.4928202551774100
     -196.4085755420350400       12.2995814539592790
     -103.2005325087460800      137.7323862306226900
      -76.9704882403165560      -10.7051284590828220
     -206.6401996089209700     -168.1871105023510600
     -200.7495935728717600      -50.5437645045412440
     -315.9723040086624300        7.6530097844099938
      -55.7100588906609670       44.9878984421479370
     -219.9097870919388000       54.1389068371839240
     -238.3151379825976300      133.2103763013861300
     -275.9104723987983300       64.5750485551836850
     -259.2812264907655600      -38.0357676934996500
     -158.8933239367883600       45.2190826710602990
     -241.2925825229279400       91.0711336880043940
     -127.9315471767662900     -121.4329035992592200
     -121.6090702996518500       23.0454857218298880
