       -0.0000004596215857        0.0000004710443793
      -82.9766852947039130        0.0000013889429791
      -83.8430742082326360       40.2697958522913950
     -124.7663050054372600       32.8424150559869260
     -125.6993304195965900       44.1197862019252440
     -132.9796396482679200       39.8433707211344130
     -129.2265568841525000       78.6302512971522990
     -132.9101379887407000      104.6376467962889300
      -98.1252320296652840       92.3171522339819720
      -77.7083183557374330       83.8946057423387540
      -59.3389829963356380       92.1633025673517350
      -41.9689655244864780       88.7324155197269560
      -52.1055377829785230       83.9117090198179770
      -67.5713684551238880       66.5673308776253800
      -53.7296788210714310       60.1601697767028010
      -83.5202078514254110      126.5088488430326900
      -47.4590981467947440      151.7643698599643800
      -55.7027690691856210      172.4221567497145600
      -81.2138453590741700      152.1630599661230900
      -83.6164575111456680      165.2018717574741500
      -18.2962792967308550      145.9750572241260600
        5.7465732390556115      156.6377361390629200
       51.4066965564318610      177.8849036914998000
       99.6681956789140880      196.1847797935718900
       54.9659149243183050      114.3152711162906000
       -5.9143099614639123      180.9533179807889700
